timestamp,event_id,n_event,callback_id,node_id,value
2025-07-14 16:25:04.986372,enact,1,featured_carbon,m2,200
2025-07-14 16:25:04.986374,enact,1,featured_carbon,main,402
2025-07-14 16:25:04.986376,enact,1,featured_carbon,worker1,340
2025-07-14 16:25:04.986378,enact,1,featured_carbon,worker2,360
2025-07-14 16:25:04.986379,enact,1,featured_carbon,worker3,360
2025-07-14 16:25:04.986923,enact,1,featured_cpu,m2,7
2025-07-14 16:25:04.986926,enact,1,featured_cpu,main,7
2025-07-14 16:25:04.986928,enact,1,featured_cpu,worker1,7
2025-07-14 16:25:04.986929,enact,1,featured_cpu,worker2,7
2025-07-14 16:25:04.986931,enact,1,featured_cpu,worker3,7
2025-07-14 16:25:04.986986,enact,1,featured_ram,m2,8
2025-07-14 16:25:04.986989,enact,1,featured_ram,main,8
2025-07-14 16:25:04.986990,enact,1,featured_ram,worker1,8
2025-07-14 16:25:04.986992,enact,1,featured_ram,worker2,8
2025-07-14 16:25:04.986994,enact,1,featured_ram,worker3,8
2025-07-14 16:25:04.987035,enact,1,featured_storage,m2,512
2025-07-14 16:25:04.987038,enact,1,featured_storage,main,1024
2025-07-14 16:25:04.987040,enact,1,featured_storage,worker1,1024
2025-07-14 16:25:04.987041,enact,1,featured_storage,worker2,1024
2025-07-14 16:25:04.987043,enact,1,featured_storage,worker3,1024
2025-07-14 16:25:04.987086,enact,1,featured_gpu,m2,0
2025-07-14 16:25:04.987089,enact,1,featured_gpu,main,0
2025-07-14 16:25:04.987090,enact,1,featured_gpu,worker1,0
2025-07-14 16:25:04.987092,enact,1,featured_gpu,worker2,0
2025-07-14 16:25:04.987093,enact,1,featured_gpu,worker3,0
2025-07-14 16:25:05.001721,enact,2,featured_carbon,m2,200
2025-07-14 16:25:05.001723,enact,2,featured_carbon,main,402
2025-07-14 16:25:05.001725,enact,2,featured_carbon,worker1,340
2025-07-14 16:25:05.001726,enact,2,featured_carbon,worker2,360
2025-07-14 16:25:05.001728,enact,2,featured_carbon,worker3,360
2025-07-14 16:25:05.002179,enact,2,featured_cpu,m2,7
2025-07-14 16:25:05.002181,enact,2,featured_cpu,main,7
2025-07-14 16:25:05.002183,enact,2,featured_cpu,worker1,7
2025-07-14 16:25:05.002185,enact,2,featured_cpu,worker2,7
2025-07-14 16:25:05.002186,enact,2,featured_cpu,worker3,7
2025-07-14 16:25:05.002231,enact,2,featured_ram,m2,8
2025-07-14 16:25:05.002233,enact,2,featured_ram,main,8
2025-07-14 16:25:05.002235,enact,2,featured_ram,worker1,8
2025-07-14 16:25:05.002236,enact,2,featured_ram,worker2,8
2025-07-14 16:25:05.002238,enact,2,featured_ram,worker3,8
2025-07-14 16:25:05.002293,enact,2,featured_storage,m2,512
2025-07-14 16:25:05.002295,enact,2,featured_storage,main,1024
2025-07-14 16:25:05.002297,enact,2,featured_storage,worker1,1024
2025-07-14 16:25:05.002299,enact,2,featured_storage,worker2,1024
2025-07-14 16:25:05.002300,enact,2,featured_storage,worker3,1024
2025-07-14 16:25:05.002344,enact,2,featured_gpu,m2,0
2025-07-14 16:25:05.002346,enact,2,featured_gpu,main,0
2025-07-14 16:25:05.002348,enact,2,featured_gpu,worker1,0
2025-07-14 16:25:05.002350,enact,2,featured_gpu,worker2,0
2025-07-14 16:25:05.002351,enact,2,featured_gpu,worker3,0
2025-07-14 16:25:05.016716,enact,3,featured_carbon,m2,200
2025-07-14 16:25:05.016719,enact,3,featured_carbon,main,402
2025-07-14 16:25:05.016721,enact,3,featured_carbon,worker1,340
2025-07-14 16:25:05.016723,enact,3,featured_carbon,worker2,360
2025-07-14 16:25:05.016724,enact,3,featured_carbon,worker3,360
2025-07-14 16:25:05.017231,enact,3,featured_cpu,m2,7
2025-07-14 16:25:05.017233,enact,3,featured_cpu,main,7
2025-07-14 16:25:05.017235,enact,3,featured_cpu,worker1,7
2025-07-14 16:25:05.017237,enact,3,featured_cpu,worker2,7
2025-07-14 16:25:05.017238,enact,3,featured_cpu,worker3,7
2025-07-14 16:25:05.017280,enact,3,featured_ram,m2,8
2025-07-14 16:25:05.017282,enact,3,featured_ram,main,8
2025-07-14 16:25:05.017284,enact,3,featured_ram,worker1,8
2025-07-14 16:25:05.017285,enact,3,featured_ram,worker2,8
2025-07-14 16:25:05.017287,enact,3,featured_ram,worker3,8
2025-07-14 16:25:05.017326,enact,3,featured_storage,m2,512
2025-07-14 16:25:05.017329,enact,3,featured_storage,main,1024
2025-07-14 16:25:05.017330,enact,3,featured_storage,worker1,1024
2025-07-14 16:25:05.017332,enact,3,featured_storage,worker2,1024
2025-07-14 16:25:05.017334,enact,3,featured_storage,worker3,1024
2025-07-14 16:25:05.017389,enact,3,featured_gpu,m2,0
2025-07-14 16:25:05.017391,enact,3,featured_gpu,main,0
2025-07-14 16:25:05.017393,enact,3,featured_gpu,worker1,0
2025-07-14 16:25:05.017394,enact,3,featured_gpu,worker2,0
2025-07-14 16:25:05.017396,enact,3,featured_gpu,worker3,0
2025-07-14 16:25:05.053390,enact,4,featured_carbon,m2,200
2025-07-14 16:25:05.053410,enact,4,featured_carbon,main,402
2025-07-14 16:25:05.053415,enact,4,featured_carbon,worker1,340
2025-07-14 16:25:05.053420,enact,4,featured_carbon,worker2,360
2025-07-14 16:25:05.053510,enact,4,featured_carbon,worker3,360
2025-07-14 16:25:05.056116,enact,4,featured_cpu,m2,7
2025-07-14 16:25:05.056119,enact,4,featured_cpu,main,7
2025-07-14 16:25:05.056121,enact,4,featured_cpu,worker1,7
2025-07-14 16:25:05.056122,enact,4,featured_cpu,worker2,7
2025-07-14 16:25:05.056124,enact,4,featured_cpu,worker3,7
2025-07-14 16:25:05.056184,enact,4,featured_ram,m2,8
2025-07-14 16:25:05.056187,enact,4,featured_ram,main,8
2025-07-14 16:25:05.056188,enact,4,featured_ram,worker1,8
2025-07-14 16:25:05.056190,enact,4,featured_ram,worker2,8
2025-07-14 16:25:05.056191,enact,4,featured_ram,worker3,8
2025-07-14 16:25:05.056248,enact,4,featured_storage,m2,512
2025-07-14 16:25:05.056250,enact,4,featured_storage,main,1024
2025-07-14 16:25:05.056252,enact,4,featured_storage,worker1,1024
2025-07-14 16:25:05.056254,enact,4,featured_storage,worker2,1024
2025-07-14 16:25:05.056256,enact,4,featured_storage,worker3,1024
2025-07-14 16:25:05.056317,enact,4,featured_gpu,m2,0
2025-07-14 16:25:05.056320,enact,4,featured_gpu,main,0
2025-07-14 16:25:05.056322,enact,4,featured_gpu,worker1,0
2025-07-14 16:25:05.056323,enact,4,featured_gpu,worker2,0
2025-07-14 16:25:05.056325,enact,4,featured_gpu,worker3,0
2025-07-14 16:25:05.070793,enact,5,featured_carbon,m2,200
2025-07-14 16:25:05.070797,enact,5,featured_carbon,main,402
2025-07-14 16:25:05.070799,enact,5,featured_carbon,worker1,340
2025-07-14 16:25:05.070801,enact,5,featured_carbon,worker2,360
2025-07-14 16:25:05.070802,enact,5,featured_carbon,worker3,360
2025-07-14 16:25:05.071315,enact,5,featured_cpu,m2,7
2025-07-14 16:25:05.071318,enact,5,featured_cpu,main,7
2025-07-14 16:25:05.071319,enact,5,featured_cpu,worker1,7
2025-07-14 16:25:05.071321,enact,5,featured_cpu,worker2,7
2025-07-14 16:25:05.071322,enact,5,featured_cpu,worker3,7
2025-07-14 16:25:05.071391,enact,5,featured_ram,m2,8
2025-07-14 16:25:05.071394,enact,5,featured_ram,main,8
2025-07-14 16:25:05.071396,enact,5,featured_ram,worker1,8
2025-07-14 16:25:05.071398,enact,5,featured_ram,worker2,8
2025-07-14 16:25:05.071399,enact,5,featured_ram,worker3,8
2025-07-14 16:25:05.071446,enact,5,featured_storage,m2,512
2025-07-14 16:25:05.071449,enact,5,featured_storage,main,1024
2025-07-14 16:25:05.071450,enact,5,featured_storage,worker1,1024
2025-07-14 16:25:05.071452,enact,5,featured_storage,worker2,1024
2025-07-14 16:25:05.071454,enact,5,featured_storage,worker3,1024
2025-07-14 16:25:05.071499,enact,5,featured_gpu,m2,0
2025-07-14 16:25:05.071501,enact,5,featured_gpu,main,0
2025-07-14 16:25:05.071503,enact,5,featured_gpu,worker1,0
2025-07-14 16:25:05.071505,enact,5,featured_gpu,worker2,0
2025-07-14 16:25:05.071506,enact,5,featured_gpu,worker3,0
2025-07-14 16:25:05.085945,enact,6,featured_carbon,m2,200
2025-07-14 16:25:05.085948,enact,6,featured_carbon,main,402
2025-07-14 16:25:05.085950,enact,6,featured_carbon,worker1,340
2025-07-14 16:25:05.085953,enact,6,featured_carbon,worker2,360
2025-07-14 16:25:05.085954,enact,6,featured_carbon,worker3,360
2025-07-14 16:25:05.086544,enact,6,featured_cpu,m2,7
2025-07-14 16:25:05.086546,enact,6,featured_cpu,main,7
2025-07-14 16:25:05.086548,enact,6,featured_cpu,worker1,7
2025-07-14 16:25:05.086550,enact,6,featured_cpu,worker2,7
2025-07-14 16:25:05.086551,enact,6,featured_cpu,worker3,7
2025-07-14 16:25:05.086602,enact,6,featured_ram,m2,8
2025-07-14 16:25:05.086604,enact,6,featured_ram,main,8
2025-07-14 16:25:05.086606,enact,6,featured_ram,worker1,8
2025-07-14 16:25:05.086607,enact,6,featured_ram,worker2,8
2025-07-14 16:25:05.086609,enact,6,featured_ram,worker3,8
2025-07-14 16:25:05.086674,enact,6,featured_storage,m2,512
2025-07-14 16:25:05.086676,enact,6,featured_storage,main,1024
2025-07-14 16:25:05.086678,enact,6,featured_storage,worker1,1024
2025-07-14 16:25:05.086680,enact,6,featured_storage,worker2,1024
2025-07-14 16:25:05.086681,enact,6,featured_storage,worker3,1024
2025-07-14 16:25:05.086735,enact,6,featured_gpu,m2,0
2025-07-14 16:25:05.086737,enact,6,featured_gpu,main,0
2025-07-14 16:25:05.086739,enact,6,featured_gpu,worker1,0
2025-07-14 16:25:05.086740,enact,6,featured_gpu,worker2,0
2025-07-14 16:25:05.086742,enact,6,featured_gpu,worker3,0
2025-07-14 16:25:05.100063,enact,7,featured_carbon,m2,200
2025-07-14 16:25:05.100068,enact,7,featured_carbon,main,402
2025-07-14 16:25:05.100070,enact,7,featured_carbon,worker1,340
2025-07-14 16:25:05.100071,enact,7,featured_carbon,worker2,360
2025-07-14 16:25:05.100073,enact,7,featured_carbon,worker3,360
2025-07-14 16:25:05.100617,enact,7,featured_cpu,m2,7
2025-07-14 16:25:05.100619,enact,7,featured_cpu,main,7
2025-07-14 16:25:05.100621,enact,7,featured_cpu,worker1,7
2025-07-14 16:25:05.100622,enact,7,featured_cpu,worker2,7
2025-07-14 16:25:05.100624,enact,7,featured_cpu,worker3,7
2025-07-14 16:25:05.100680,enact,7,featured_ram,m2,8
2025-07-14 16:25:05.100683,enact,7,featured_ram,main,8
2025-07-14 16:25:05.100684,enact,7,featured_ram,worker1,8
2025-07-14 16:25:05.100686,enact,7,featured_ram,worker2,8
2025-07-14 16:25:05.100687,enact,7,featured_ram,worker3,8
2025-07-14 16:25:05.100742,enact,7,featured_storage,m2,512
2025-07-14 16:25:05.100745,enact,7,featured_storage,main,1024
2025-07-14 16:25:05.100746,enact,7,featured_storage,worker1,1024
2025-07-14 16:25:05.100748,enact,7,featured_storage,worker2,1024
2025-07-14 16:25:05.100750,enact,7,featured_storage,worker3,1024
2025-07-14 16:25:05.100805,enact,7,featured_gpu,m2,0
2025-07-14 16:25:05.100807,enact,7,featured_gpu,main,0
2025-07-14 16:25:05.100808,enact,7,featured_gpu,worker1,0
2025-07-14 16:25:05.100810,enact,7,featured_gpu,worker2,0
2025-07-14 16:25:05.100811,enact,7,featured_gpu,worker3,0
2025-07-14 16:25:05.114986,enact,8,featured_carbon,m2,200
2025-07-14 16:25:05.114989,enact,8,featured_carbon,main,402
2025-07-14 16:25:05.114991,enact,8,featured_carbon,worker1,340
2025-07-14 16:25:05.114993,enact,8,featured_carbon,worker2,360
2025-07-14 16:25:05.114994,enact,8,featured_carbon,worker3,360
2025-07-14 16:25:05.115484,enact,8,featured_cpu,m2,7
2025-07-14 16:25:05.115486,enact,8,featured_cpu,main,7
2025-07-14 16:25:05.115488,enact,8,featured_cpu,worker1,7
2025-07-14 16:25:05.115489,enact,8,featured_cpu,worker2,7
2025-07-14 16:25:05.115491,enact,8,featured_cpu,worker3,7
2025-07-14 16:25:05.115555,enact,8,featured_ram,m2,8
2025-07-14 16:25:05.115557,enact,8,featured_ram,main,8
2025-07-14 16:25:05.115559,enact,8,featured_ram,worker1,8
2025-07-14 16:25:05.115560,enact,8,featured_ram,worker2,8
2025-07-14 16:25:05.115562,enact,8,featured_ram,worker3,8
2025-07-14 16:25:05.115612,enact,8,featured_storage,m2,512
2025-07-14 16:25:05.115614,enact,8,featured_storage,main,1024
2025-07-14 16:25:05.115616,enact,8,featured_storage,worker1,1024
2025-07-14 16:25:05.115618,enact,8,featured_storage,worker2,1024
2025-07-14 16:25:05.115619,enact,8,featured_storage,worker3,1024
2025-07-14 16:25:05.115671,enact,8,featured_gpu,m2,0
2025-07-14 16:25:05.115674,enact,8,featured_gpu,main,0
2025-07-14 16:25:05.115675,enact,8,featured_gpu,worker1,0
2025-07-14 16:25:05.115677,enact,8,featured_gpu,worker2,0
2025-07-14 16:25:05.115678,enact,8,featured_gpu,worker3,0
2025-07-14 16:25:05.129637,enact,9,featured_carbon,m2,200
2025-07-14 16:25:05.129640,enact,9,featured_carbon,main,402
2025-07-14 16:25:05.129642,enact,9,featured_carbon,worker1,340
2025-07-14 16:25:05.129643,enact,9,featured_carbon,worker2,360
2025-07-14 16:25:05.129645,enact,9,featured_carbon,worker3,360
2025-07-14 16:25:05.130064,enact,9,featured_cpu,m2,7
2025-07-14 16:25:05.130067,enact,9,featured_cpu,main,7
2025-07-14 16:25:05.130068,enact,9,featured_cpu,worker1,7
2025-07-14 16:25:05.130070,enact,9,featured_cpu,worker2,7
2025-07-14 16:25:05.130071,enact,9,featured_cpu,worker3,7
2025-07-14 16:25:05.130136,enact,9,featured_ram,m2,8
2025-07-14 16:25:05.130138,enact,9,featured_ram,main,8
2025-07-14 16:25:05.130140,enact,9,featured_ram,worker1,8
2025-07-14 16:25:05.130141,enact,9,featured_ram,worker2,8
2025-07-14 16:25:05.130143,enact,9,featured_ram,worker3,8
2025-07-14 16:25:05.130193,enact,9,featured_storage,m2,512
2025-07-14 16:25:05.130195,enact,9,featured_storage,main,1024
2025-07-14 16:25:05.130197,enact,9,featured_storage,worker1,1024
2025-07-14 16:25:05.130199,enact,9,featured_storage,worker2,1024
2025-07-14 16:25:05.130200,enact,9,featured_storage,worker3,1024
2025-07-14 16:25:05.130294,enact,9,featured_gpu,m2,0
2025-07-14 16:25:05.130299,enact,9,featured_gpu,main,0
2025-07-14 16:25:05.130301,enact,9,featured_gpu,worker1,0
2025-07-14 16:25:05.130303,enact,9,featured_gpu,worker2,0
2025-07-14 16:25:05.130304,enact,9,featured_gpu,worker3,0
2025-07-14 16:25:05.144126,enact,10,featured_carbon,m2,200
2025-07-14 16:25:05.144129,enact,10,featured_carbon,main,402
2025-07-14 16:25:05.144130,enact,10,featured_carbon,worker1,340
2025-07-14 16:25:05.144132,enact,10,featured_carbon,worker2,360
2025-07-14 16:25:05.144134,enact,10,featured_carbon,worker3,360
2025-07-14 16:25:05.144604,enact,10,featured_cpu,m2,7
2025-07-14 16:25:05.144606,enact,10,featured_cpu,main,7
2025-07-14 16:25:05.144608,enact,10,featured_cpu,worker1,7
2025-07-14 16:25:05.144610,enact,10,featured_cpu,worker2,7
2025-07-14 16:25:05.144611,enact,10,featured_cpu,worker3,7
2025-07-14 16:25:05.144666,enact,10,featured_ram,m2,8
2025-07-14 16:25:05.144669,enact,10,featured_ram,main,8
2025-07-14 16:25:05.144670,enact,10,featured_ram,worker1,8
2025-07-14 16:25:05.144672,enact,10,featured_ram,worker2,8
2025-07-14 16:25:05.144673,enact,10,featured_ram,worker3,8
2025-07-14 16:25:05.144750,enact,10,featured_storage,m2,512
2025-07-14 16:25:05.144753,enact,10,featured_storage,main,1024
2025-07-14 16:25:05.144755,enact,10,featured_storage,worker1,1024
2025-07-14 16:25:05.144757,enact,10,featured_storage,worker2,1024
2025-07-14 16:25:05.144758,enact,10,featured_storage,worker3,1024
2025-07-14 16:25:05.144809,enact,10,featured_gpu,m2,0
2025-07-14 16:25:05.144811,enact,10,featured_gpu,main,0
2025-07-14 16:25:05.144813,enact,10,featured_gpu,worker1,0
2025-07-14 16:25:05.144815,enact,10,featured_gpu,worker2,0
2025-07-14 16:25:05.144816,enact,10,featured_gpu,worker3,0
2025-07-14 16:25:05.158035,enact,11,featured_carbon,m2,200
2025-07-14 16:25:05.158038,enact,11,featured_carbon,main,402
2025-07-14 16:25:05.158039,enact,11,featured_carbon,worker1,340
2025-07-14 16:25:05.158041,enact,11,featured_carbon,worker2,360
2025-07-14 16:25:05.158043,enact,11,featured_carbon,worker3,360
2025-07-14 16:25:05.158881,enact,11,featured_cpu,m2,7
2025-07-14 16:25:05.158884,enact,11,featured_cpu,main,7
2025-07-14 16:25:05.158885,enact,11,featured_cpu,worker1,7
2025-07-14 16:25:05.158887,enact,11,featured_cpu,worker2,7
2025-07-14 16:25:05.158889,enact,11,featured_cpu,worker3,7
2025-07-14 16:25:05.158952,enact,11,featured_ram,m2,8
2025-07-14 16:25:05.158957,enact,11,featured_ram,main,8
2025-07-14 16:25:05.158959,enact,11,featured_ram,worker1,8
2025-07-14 16:25:05.158960,enact,11,featured_ram,worker2,8
2025-07-14 16:25:05.158962,enact,11,featured_ram,worker3,8
2025-07-14 16:25:05.159041,enact,11,featured_storage,m2,512
2025-07-14 16:25:05.159044,enact,11,featured_storage,main,1024
2025-07-14 16:25:05.159046,enact,11,featured_storage,worker1,1024
2025-07-14 16:25:05.159048,enact,11,featured_storage,worker2,1024
2025-07-14 16:25:05.159049,enact,11,featured_storage,worker3,1024
2025-07-14 16:25:05.159129,enact,11,featured_gpu,m2,0
2025-07-14 16:25:05.159131,enact,11,featured_gpu,main,0
2025-07-14 16:25:05.159133,enact,11,featured_gpu,worker1,0
2025-07-14 16:25:05.159135,enact,11,featured_gpu,worker2,0
2025-07-14 16:25:05.159136,enact,11,featured_gpu,worker3,0
2025-07-14 16:25:05.172335,enact,12,featured_carbon,m2,200
2025-07-14 16:25:05.172339,enact,12,featured_carbon,main,402
2025-07-14 16:25:05.172341,enact,12,featured_carbon,worker1,340
2025-07-14 16:25:05.172343,enact,12,featured_carbon,worker2,360
2025-07-14 16:25:05.172345,enact,12,featured_carbon,worker3,360
2025-07-14 16:25:05.172921,enact,12,featured_cpu,m2,7
2025-07-14 16:25:05.172924,enact,12,featured_cpu,main,7
2025-07-14 16:25:05.172926,enact,12,featured_cpu,worker1,7
2025-07-14 16:25:05.172927,enact,12,featured_cpu,worker2,7
2025-07-14 16:25:05.172929,enact,12,featured_cpu,worker3,7
2025-07-14 16:25:05.172979,enact,12,featured_ram,m2,8
2025-07-14 16:25:05.172981,enact,12,featured_ram,main,8
2025-07-14 16:25:05.172982,enact,12,featured_ram,worker1,8
2025-07-14 16:25:05.172984,enact,12,featured_ram,worker2,8
2025-07-14 16:25:05.172985,enact,12,featured_ram,worker3,8
2025-07-14 16:25:05.173051,enact,12,featured_storage,m2,512
2025-07-14 16:25:05.173053,enact,12,featured_storage,main,1024
2025-07-14 16:25:05.173055,enact,12,featured_storage,worker1,1024
2025-07-14 16:25:05.173056,enact,12,featured_storage,worker2,1024
2025-07-14 16:25:05.173058,enact,12,featured_storage,worker3,1024
2025-07-14 16:25:05.173111,enact,12,featured_gpu,m2,0
2025-07-14 16:25:05.173113,enact,12,featured_gpu,main,0
2025-07-14 16:25:05.173115,enact,12,featured_gpu,worker1,0
2025-07-14 16:25:05.173116,enact,12,featured_gpu,worker2,0
2025-07-14 16:25:05.173118,enact,12,featured_gpu,worker3,0
2025-07-14 16:25:05.187372,enact,13,featured_carbon,m2,200
2025-07-14 16:25:05.187375,enact,13,featured_carbon,main,402
2025-07-14 16:25:05.187377,enact,13,featured_carbon,worker1,340
2025-07-14 16:25:05.187378,enact,13,featured_carbon,worker2,360
2025-07-14 16:25:05.187380,enact,13,featured_carbon,worker3,360
2025-07-14 16:25:05.187925,enact,13,featured_cpu,m2,7
2025-07-14 16:25:05.187927,enact,13,featured_cpu,main,7
2025-07-14 16:25:05.187929,enact,13,featured_cpu,worker1,7
2025-07-14 16:25:05.187930,enact,13,featured_cpu,worker2,7
2025-07-14 16:25:05.187932,enact,13,featured_cpu,worker3,7
2025-07-14 16:25:05.187986,enact,13,featured_ram,m2,8
2025-07-14 16:25:05.187989,enact,13,featured_ram,main,8
2025-07-14 16:25:05.187990,enact,13,featured_ram,worker1,8
2025-07-14 16:25:05.187992,enact,13,featured_ram,worker2,8
2025-07-14 16:25:05.187993,enact,13,featured_ram,worker3,8
2025-07-14 16:25:05.188047,enact,13,featured_storage,m2,512
2025-07-14 16:25:05.188049,enact,13,featured_storage,main,1024
2025-07-14 16:25:05.188051,enact,13,featured_storage,worker1,1024
2025-07-14 16:25:05.188052,enact,13,featured_storage,worker2,1024
2025-07-14 16:25:05.188054,enact,13,featured_storage,worker3,1024
2025-07-14 16:25:05.188118,enact,13,featured_gpu,m2,0
2025-07-14 16:25:05.188121,enact,13,featured_gpu,main,0
2025-07-14 16:25:05.188122,enact,13,featured_gpu,worker1,0
2025-07-14 16:25:05.188124,enact,13,featured_gpu,worker2,0
2025-07-14 16:25:05.188126,enact,13,featured_gpu,worker3,0
2025-07-14 16:25:05.202759,enact,14,featured_carbon,m2,200
2025-07-14 16:25:05.202763,enact,14,featured_carbon,main,402
2025-07-14 16:25:05.202764,enact,14,featured_carbon,worker1,340
2025-07-14 16:25:05.202766,enact,14,featured_carbon,worker2,360
2025-07-14 16:25:05.202768,enact,14,featured_carbon,worker3,360
2025-07-14 16:25:05.203379,enact,14,featured_cpu,m2,7
2025-07-14 16:25:05.203381,enact,14,featured_cpu,main,7
2025-07-14 16:25:05.203383,enact,14,featured_cpu,worker1,7
2025-07-14 16:25:05.203384,enact,14,featured_cpu,worker2,7
2025-07-14 16:25:05.203386,enact,14,featured_cpu,worker3,7
2025-07-14 16:25:05.203452,enact,14,featured_ram,m2,8
2025-07-14 16:25:05.203455,enact,14,featured_ram,main,8
2025-07-14 16:25:05.203456,enact,14,featured_ram,worker1,8
2025-07-14 16:25:05.203458,enact,14,featured_ram,worker2,8
2025-07-14 16:25:05.203459,enact,14,featured_ram,worker3,8
2025-07-14 16:25:05.203529,enact,14,featured_storage,m2,512
2025-07-14 16:25:05.203531,enact,14,featured_storage,main,1024
2025-07-14 16:25:05.203533,enact,14,featured_storage,worker1,1024
2025-07-14 16:25:05.203535,enact,14,featured_storage,worker2,1024
2025-07-14 16:25:05.203536,enact,14,featured_storage,worker3,1024
2025-07-14 16:25:05.203602,enact,14,featured_gpu,m2,0
2025-07-14 16:25:05.203604,enact,14,featured_gpu,main,0
2025-07-14 16:25:05.203606,enact,14,featured_gpu,worker1,0
2025-07-14 16:25:05.203607,enact,14,featured_gpu,worker2,0
2025-07-14 16:25:05.203609,enact,14,featured_gpu,worker3,0
2025-07-14 16:25:05.217987,enact,15,featured_carbon,m2,200
2025-07-14 16:25:05.217990,enact,15,featured_carbon,main,402
2025-07-14 16:25:05.217992,enact,15,featured_carbon,worker1,340
2025-07-14 16:25:05.217993,enact,15,featured_carbon,worker2,360
2025-07-14 16:25:05.217995,enact,15,featured_carbon,worker3,360
2025-07-14 16:25:05.218490,enact,15,featured_cpu,m2,7
2025-07-14 16:25:05.218493,enact,15,featured_cpu,main,7
2025-07-14 16:25:05.218494,enact,15,featured_cpu,worker1,7
2025-07-14 16:25:05.218496,enact,15,featured_cpu,worker2,7
2025-07-14 16:25:05.218498,enact,15,featured_cpu,worker3,7
2025-07-14 16:25:05.218546,enact,15,featured_ram,m2,8
2025-07-14 16:25:05.218549,enact,15,featured_ram,main,8
2025-07-14 16:25:05.218550,enact,15,featured_ram,worker1,8
2025-07-14 16:25:05.218552,enact,15,featured_ram,worker2,8
2025-07-14 16:25:05.218554,enact,15,featured_ram,worker3,8
2025-07-14 16:25:05.218625,enact,15,featured_storage,m2,512
2025-07-14 16:25:05.218627,enact,15,featured_storage,main,1024
2025-07-14 16:25:05.218629,enact,15,featured_storage,worker1,1024
2025-07-14 16:25:05.218631,enact,15,featured_storage,worker2,1024
2025-07-14 16:25:05.218632,enact,15,featured_storage,worker3,1024
2025-07-14 16:25:05.218677,enact,15,featured_gpu,m2,0
2025-07-14 16:25:05.218679,enact,15,featured_gpu,main,0
2025-07-14 16:25:05.218681,enact,15,featured_gpu,worker1,0
2025-07-14 16:25:05.218683,enact,15,featured_gpu,worker2,0
2025-07-14 16:25:05.218684,enact,15,featured_gpu,worker3,0
2025-07-14 16:25:05.232089,enact,16,featured_carbon,m2,200
2025-07-14 16:25:05.232092,enact,16,featured_carbon,main,402
2025-07-14 16:25:05.232093,enact,16,featured_carbon,worker1,340
2025-07-14 16:25:05.232095,enact,16,featured_carbon,worker2,360
2025-07-14 16:25:05.232097,enact,16,featured_carbon,worker3,360
2025-07-14 16:25:05.232666,enact,16,featured_cpu,m2,7
2025-07-14 16:25:05.232668,enact,16,featured_cpu,main,7
2025-07-14 16:25:05.232670,enact,16,featured_cpu,worker1,7
2025-07-14 16:25:05.232672,enact,16,featured_cpu,worker2,7
2025-07-14 16:25:05.232673,enact,16,featured_cpu,worker3,7
2025-07-14 16:25:05.232725,enact,16,featured_ram,m2,8
2025-07-14 16:25:05.232728,enact,16,featured_ram,main,8
2025-07-14 16:25:05.232729,enact,16,featured_ram,worker1,8
2025-07-14 16:25:05.232731,enact,16,featured_ram,worker2,8
2025-07-14 16:25:05.232732,enact,16,featured_ram,worker3,8
2025-07-14 16:25:05.232780,enact,16,featured_storage,m2,512
2025-07-14 16:25:05.232782,enact,16,featured_storage,main,1024
2025-07-14 16:25:05.232784,enact,16,featured_storage,worker1,1024
2025-07-14 16:25:05.232786,enact,16,featured_storage,worker2,1024
2025-07-14 16:25:05.232787,enact,16,featured_storage,worker3,1024
2025-07-14 16:25:05.232841,enact,16,featured_gpu,m2,0
2025-07-14 16:25:05.232844,enact,16,featured_gpu,main,0
2025-07-14 16:25:05.232846,enact,16,featured_gpu,worker1,0
2025-07-14 16:25:05.232847,enact,16,featured_gpu,worker2,0
2025-07-14 16:25:05.232849,enact,16,featured_gpu,worker3,0
2025-07-14 16:25:05.246130,enact,17,featured_carbon,m2,200
2025-07-14 16:25:05.246133,enact,17,featured_carbon,main,402
2025-07-14 16:25:05.246135,enact,17,featured_carbon,worker1,340
2025-07-14 16:25:05.246136,enact,17,featured_carbon,worker2,360
2025-07-14 16:25:05.246138,enact,17,featured_carbon,worker3,360
2025-07-14 16:25:05.246630,enact,17,featured_cpu,m2,7
2025-07-14 16:25:05.246633,enact,17,featured_cpu,main,7
2025-07-14 16:25:05.246634,enact,17,featured_cpu,worker1,7
2025-07-14 16:25:05.246636,enact,17,featured_cpu,worker2,7
2025-07-14 16:25:05.246638,enact,17,featured_cpu,worker3,7
2025-07-14 16:25:05.246694,enact,17,featured_ram,m2,8
2025-07-14 16:25:05.246696,enact,17,featured_ram,main,8
2025-07-14 16:25:05.246698,enact,17,featured_ram,worker1,8
2025-07-14 16:25:05.246699,enact,17,featured_ram,worker2,8
2025-07-14 16:25:05.246701,enact,17,featured_ram,worker3,8
2025-07-14 16:25:05.246772,enact,17,featured_storage,m2,512
2025-07-14 16:25:05.246774,enact,17,featured_storage,main,1024
2025-07-14 16:25:05.246776,enact,17,featured_storage,worker1,1024
2025-07-14 16:25:05.246778,enact,17,featured_storage,worker2,1024
2025-07-14 16:25:05.246779,enact,17,featured_storage,worker3,1024
2025-07-14 16:25:05.246840,enact,17,featured_gpu,m2,0
2025-07-14 16:25:05.246842,enact,17,featured_gpu,main,0
2025-07-14 16:25:05.246844,enact,17,featured_gpu,worker1,0
2025-07-14 16:25:05.246846,enact,17,featured_gpu,worker2,0
2025-07-14 16:25:05.246847,enact,17,featured_gpu,worker3,0
2025-07-14 16:25:05.260388,enact,18,featured_carbon,m2,200
2025-07-14 16:25:05.260392,enact,18,featured_carbon,main,402
2025-07-14 16:25:05.260393,enact,18,featured_carbon,worker1,340
2025-07-14 16:25:05.260395,enact,18,featured_carbon,worker2,360
2025-07-14 16:25:05.260397,enact,18,featured_carbon,worker3,360
2025-07-14 16:25:05.260935,enact,18,featured_cpu,m2,7
2025-07-14 16:25:05.260937,enact,18,featured_cpu,main,7
2025-07-14 16:25:05.260939,enact,18,featured_cpu,worker1,7
2025-07-14 16:25:05.260940,enact,18,featured_cpu,worker2,7
2025-07-14 16:25:05.260942,enact,18,featured_cpu,worker3,7
2025-07-14 16:25:05.261012,enact,18,featured_ram,m2,8
2025-07-14 16:25:05.261014,enact,18,featured_ram,main,8
2025-07-14 16:25:05.261016,enact,18,featured_ram,worker1,8
2025-07-14 16:25:05.261018,enact,18,featured_ram,worker2,8
2025-07-14 16:25:05.261019,enact,18,featured_ram,worker3,8
2025-07-14 16:25:05.261071,enact,18,featured_storage,m2,512
2025-07-14 16:25:05.261074,enact,18,featured_storage,main,1024
2025-07-14 16:25:05.261076,enact,18,featured_storage,worker1,1024
2025-07-14 16:25:05.261077,enact,18,featured_storage,worker2,1024
2025-07-14 16:25:05.261079,enact,18,featured_storage,worker3,1024
2025-07-14 16:25:05.261134,enact,18,featured_gpu,m2,0
2025-07-14 16:25:05.261137,enact,18,featured_gpu,main,0
2025-07-14 16:25:05.261138,enact,18,featured_gpu,worker1,0
2025-07-14 16:25:05.261140,enact,18,featured_gpu,worker2,0
2025-07-14 16:25:05.261142,enact,18,featured_gpu,worker3,0
2025-07-14 16:25:05.274183,enact,19,featured_carbon,m2,200
2025-07-14 16:25:05.274186,enact,19,featured_carbon,main,402
2025-07-14 16:25:05.274188,enact,19,featured_carbon,worker1,340
2025-07-14 16:25:05.274189,enact,19,featured_carbon,worker2,360
2025-07-14 16:25:05.274191,enact,19,featured_carbon,worker3,360
2025-07-14 16:25:05.274848,enact,19,featured_cpu,m2,7
2025-07-14 16:25:05.274852,enact,19,featured_cpu,main,7
2025-07-14 16:25:05.274860,enact,19,featured_cpu,worker1,7
2025-07-14 16:25:05.274863,enact,19,featured_cpu,worker2,7
2025-07-14 16:25:05.274864,enact,19,featured_cpu,worker3,7
2025-07-14 16:25:05.274934,enact,19,featured_ram,m2,8
2025-07-14 16:25:05.274936,enact,19,featured_ram,main,8
2025-07-14 16:25:05.274938,enact,19,featured_ram,worker1,8
2025-07-14 16:25:05.274940,enact,19,featured_ram,worker2,8
2025-07-14 16:25:05.274941,enact,19,featured_ram,worker3,8
2025-07-14 16:25:05.275036,enact,19,featured_storage,m2,512
2025-07-14 16:25:05.275045,enact,19,featured_storage,main,1024
2025-07-14 16:25:05.275047,enact,19,featured_storage,worker1,1024
2025-07-14 16:25:05.275049,enact,19,featured_storage,worker2,1024
2025-07-14 16:25:05.275051,enact,19,featured_storage,worker3,1024
2025-07-14 16:25:05.275154,enact,19,featured_gpu,m2,0
2025-07-14 16:25:05.275157,enact,19,featured_gpu,main,0
2025-07-14 16:25:05.275158,enact,19,featured_gpu,worker1,0
2025-07-14 16:25:05.275160,enact,19,featured_gpu,worker2,0
2025-07-14 16:25:05.275162,enact,19,featured_gpu,worker3,0
2025-07-14 16:25:05.289782,enact,20,featured_carbon,m2,200
2025-07-14 16:25:05.289785,enact,20,featured_carbon,main,402
2025-07-14 16:25:05.289787,enact,20,featured_carbon,worker1,340
2025-07-14 16:25:05.289789,enact,20,featured_carbon,worker2,360
2025-07-14 16:25:05.289790,enact,20,featured_carbon,worker3,360
2025-07-14 16:25:05.290311,enact,20,featured_cpu,m2,7
2025-07-14 16:25:05.290314,enact,20,featured_cpu,main,7
2025-07-14 16:25:05.290315,enact,20,featured_cpu,worker1,7
2025-07-14 16:25:05.290317,enact,20,featured_cpu,worker2,7
2025-07-14 16:25:05.290319,enact,20,featured_cpu,worker3,7
2025-07-14 16:25:05.290387,enact,20,featured_ram,m2,8
2025-07-14 16:25:05.290389,enact,20,featured_ram,main,8
2025-07-14 16:25:05.290391,enact,20,featured_ram,worker1,8
2025-07-14 16:25:05.290393,enact,20,featured_ram,worker2,8
2025-07-14 16:25:05.290394,enact,20,featured_ram,worker3,8
2025-07-14 16:25:05.290451,enact,20,featured_storage,m2,512
2025-07-14 16:25:05.290454,enact,20,featured_storage,main,1024
2025-07-14 16:25:05.290456,enact,20,featured_storage,worker1,1024
2025-07-14 16:25:05.290457,enact,20,featured_storage,worker2,1024
2025-07-14 16:25:05.290459,enact,20,featured_storage,worker3,1024
2025-07-14 16:25:05.290522,enact,20,featured_gpu,m2,0
2025-07-14 16:25:05.290524,enact,20,featured_gpu,main,0
2025-07-14 16:25:05.290526,enact,20,featured_gpu,worker1,0
2025-07-14 16:25:05.290527,enact,20,featured_gpu,worker2,0
2025-07-14 16:25:05.290529,enact,20,featured_gpu,worker3,0
2025-07-14 16:25:05.303927,enact,21,featured_carbon,m2,200
2025-07-14 16:25:05.303930,enact,21,featured_carbon,main,402
2025-07-14 16:25:05.303932,enact,21,featured_carbon,worker1,340
2025-07-14 16:25:05.303933,enact,21,featured_carbon,worker2,360
2025-07-14 16:25:05.303935,enact,21,featured_carbon,worker3,360
2025-07-14 16:25:05.304470,enact,21,featured_cpu,m2,7
2025-07-14 16:25:05.304473,enact,21,featured_cpu,main,7
2025-07-14 16:25:05.304475,enact,21,featured_cpu,worker1,7
2025-07-14 16:25:05.304480,enact,21,featured_cpu,worker2,7
2025-07-14 16:25:05.304482,enact,21,featured_cpu,worker3,7
2025-07-14 16:25:05.304552,enact,21,featured_ram,m2,8
2025-07-14 16:25:05.304555,enact,21,featured_ram,main,8
2025-07-14 16:25:05.304557,enact,21,featured_ram,worker1,8
2025-07-14 16:25:05.304559,enact,21,featured_ram,worker2,8
2025-07-14 16:25:05.304560,enact,21,featured_ram,worker3,8
2025-07-14 16:25:05.304627,enact,21,featured_storage,m2,512
2025-07-14 16:25:05.304630,enact,21,featured_storage,main,1024
2025-07-14 16:25:05.304632,enact,21,featured_storage,worker1,1024
2025-07-14 16:25:05.304633,enact,21,featured_storage,worker2,1024
2025-07-14 16:25:05.304635,enact,21,featured_storage,worker3,1024
2025-07-14 16:25:05.304698,enact,21,featured_gpu,m2,0
2025-07-14 16:25:05.304700,enact,21,featured_gpu,main,0
2025-07-14 16:25:05.304702,enact,21,featured_gpu,worker1,0
2025-07-14 16:25:05.304704,enact,21,featured_gpu,worker2,0
2025-07-14 16:25:05.304705,enact,21,featured_gpu,worker3,0
2025-07-14 16:25:05.317981,enact,22,featured_carbon,m2,200
2025-07-14 16:25:05.317984,enact,22,featured_carbon,main,402
2025-07-14 16:25:05.317986,enact,22,featured_carbon,worker1,340
2025-07-14 16:25:05.317988,enact,22,featured_carbon,worker2,360
2025-07-14 16:25:05.317989,enact,22,featured_carbon,worker3,360
2025-07-14 16:25:05.318555,enact,22,featured_cpu,m2,7
2025-07-14 16:25:05.318559,enact,22,featured_cpu,main,7
2025-07-14 16:25:05.318561,enact,22,featured_cpu,worker1,7
2025-07-14 16:25:05.318562,enact,22,featured_cpu,worker2,7
2025-07-14 16:25:05.318564,enact,22,featured_cpu,worker3,7
2025-07-14 16:25:05.318627,enact,22,featured_ram,m2,8
2025-07-14 16:25:05.318629,enact,22,featured_ram,main,8
2025-07-14 16:25:05.318631,enact,22,featured_ram,worker1,8
2025-07-14 16:25:05.318633,enact,22,featured_ram,worker2,8
2025-07-14 16:25:05.318634,enact,22,featured_ram,worker3,8
2025-07-14 16:25:05.318704,enact,22,featured_storage,m2,512
2025-07-14 16:25:05.318707,enact,22,featured_storage,main,1024
2025-07-14 16:25:05.318709,enact,22,featured_storage,worker1,1024
2025-07-14 16:25:05.318710,enact,22,featured_storage,worker2,1024
2025-07-14 16:25:05.318712,enact,22,featured_storage,worker3,1024
2025-07-14 16:25:05.318773,enact,22,featured_gpu,m2,0
2025-07-14 16:25:05.318776,enact,22,featured_gpu,main,0
2025-07-14 16:25:05.318777,enact,22,featured_gpu,worker1,0
2025-07-14 16:25:05.318779,enact,22,featured_gpu,worker2,0
2025-07-14 16:25:05.318780,enact,22,featured_gpu,worker3,0
2025-07-14 16:25:05.332015,enact,23,featured_carbon,m2,200
2025-07-14 16:25:05.332018,enact,23,featured_carbon,main,402
2025-07-14 16:25:05.332020,enact,23,featured_carbon,worker1,340
2025-07-14 16:25:05.332021,enact,23,featured_carbon,worker2,360
2025-07-14 16:25:05.332023,enact,23,featured_carbon,worker3,360
2025-07-14 16:25:05.332618,enact,23,featured_cpu,m2,7
2025-07-14 16:25:05.332621,enact,23,featured_cpu,main,7
2025-07-14 16:25:05.332622,enact,23,featured_cpu,worker1,7
2025-07-14 16:25:05.332624,enact,23,featured_cpu,worker2,7
2025-07-14 16:25:05.332626,enact,23,featured_cpu,worker3,7
2025-07-14 16:25:05.332675,enact,23,featured_ram,m2,8
2025-07-14 16:25:05.332677,enact,23,featured_ram,main,8
2025-07-14 16:25:05.332679,enact,23,featured_ram,worker1,8
2025-07-14 16:25:05.332681,enact,23,featured_ram,worker2,8
2025-07-14 16:25:05.332682,enact,23,featured_ram,worker3,8
2025-07-14 16:25:05.332736,enact,23,featured_storage,m2,512
2025-07-14 16:25:05.332738,enact,23,featured_storage,main,1024
2025-07-14 16:25:05.332740,enact,23,featured_storage,worker1,1024
2025-07-14 16:25:05.332742,enact,23,featured_storage,worker2,1024
2025-07-14 16:25:05.332743,enact,23,featured_storage,worker3,1024
2025-07-14 16:25:05.332803,enact,23,featured_gpu,m2,0
2025-07-14 16:25:05.332805,enact,23,featured_gpu,main,0
2025-07-14 16:25:05.332807,enact,23,featured_gpu,worker1,0
2025-07-14 16:25:05.332809,enact,23,featured_gpu,worker2,0
2025-07-14 16:25:05.332810,enact,23,featured_gpu,worker3,0
2025-07-14 16:25:05.347950,enact,24,featured_carbon,m2,200
2025-07-14 16:25:05.347953,enact,24,featured_carbon,main,402
2025-07-14 16:25:05.347954,enact,24,featured_carbon,worker1,340
2025-07-14 16:25:05.347956,enact,24,featured_carbon,worker2,360
2025-07-14 16:25:05.347958,enact,24,featured_carbon,worker3,360
2025-07-14 16:25:05.348432,enact,24,featured_cpu,m2,7
2025-07-14 16:25:05.348434,enact,24,featured_cpu,main,7
2025-07-14 16:25:05.348436,enact,24,featured_cpu,worker1,7
2025-07-14 16:25:05.348438,enact,24,featured_cpu,worker2,7
2025-07-14 16:25:05.348439,enact,24,featured_cpu,worker3,7
2025-07-14 16:25:05.348490,enact,24,featured_ram,m2,8
2025-07-14 16:25:05.348492,enact,24,featured_ram,main,8
2025-07-14 16:25:05.348494,enact,24,featured_ram,worker1,8
2025-07-14 16:25:05.348495,enact,24,featured_ram,worker2,8
2025-07-14 16:25:05.348497,enact,24,featured_ram,worker3,8
2025-07-14 16:25:05.348542,enact,24,featured_storage,m2,512
2025-07-14 16:25:05.348544,enact,24,featured_storage,main,1024
2025-07-14 16:25:05.348546,enact,24,featured_storage,worker1,1024
2025-07-14 16:25:05.348547,enact,24,featured_storage,worker2,1024
2025-07-14 16:25:05.348549,enact,24,featured_storage,worker3,1024
2025-07-14 16:25:05.348630,enact,24,featured_gpu,m2,0
2025-07-14 16:25:05.348635,enact,24,featured_gpu,main,0
2025-07-14 16:25:05.348636,enact,24,featured_gpu,worker1,0
2025-07-14 16:25:05.348638,enact,24,featured_gpu,worker2,0
2025-07-14 16:25:05.348640,enact,24,featured_gpu,worker3,0
2025-07-14 16:25:05.362917,enact,25,featured_carbon,m2,200
2025-07-14 16:25:05.362919,enact,25,featured_carbon,main,402
2025-07-14 16:25:05.362921,enact,25,featured_carbon,worker1,340
2025-07-14 16:25:05.362922,enact,25,featured_carbon,worker2,360
2025-07-14 16:25:05.362924,enact,25,featured_carbon,worker3,360
2025-07-14 16:25:05.363420,enact,25,featured_cpu,m2,7
2025-07-14 16:25:05.363422,enact,25,featured_cpu,main,7
2025-07-14 16:25:05.363424,enact,25,featured_cpu,worker1,7
2025-07-14 16:25:05.363425,enact,25,featured_cpu,worker2,7
2025-07-14 16:25:05.363427,enact,25,featured_cpu,worker3,7
2025-07-14 16:25:05.363482,enact,25,featured_ram,m2,8
2025-07-14 16:25:05.363487,enact,25,featured_ram,main,8
2025-07-14 16:25:05.363489,enact,25,featured_ram,worker1,8
2025-07-14 16:25:05.363491,enact,25,featured_ram,worker2,8
2025-07-14 16:25:05.363492,enact,25,featured_ram,worker3,8
2025-07-14 16:25:05.363557,enact,25,featured_storage,m2,512
2025-07-14 16:25:05.363559,enact,25,featured_storage,main,1024
2025-07-14 16:25:05.363561,enact,25,featured_storage,worker1,1024
2025-07-14 16:25:05.363563,enact,25,featured_storage,worker2,1024
2025-07-14 16:25:05.363564,enact,25,featured_storage,worker3,1024
2025-07-14 16:25:05.363637,enact,25,featured_gpu,m2,0
2025-07-14 16:25:05.363639,enact,25,featured_gpu,main,0
2025-07-14 16:25:05.363641,enact,25,featured_gpu,worker1,0
2025-07-14 16:25:05.363642,enact,25,featured_gpu,worker2,0
2025-07-14 16:25:05.363644,enact,25,featured_gpu,worker3,0
2025-07-14 16:25:05.377243,enact,26,featured_carbon,m2,200
2025-07-14 16:25:05.377246,enact,26,featured_carbon,main,402
2025-07-14 16:25:05.377248,enact,26,featured_carbon,worker1,340
2025-07-14 16:25:05.377249,enact,26,featured_carbon,worker2,360
2025-07-14 16:25:05.377251,enact,26,featured_carbon,worker3,360
2025-07-14 16:25:05.377760,enact,26,featured_cpu,m2,7
2025-07-14 16:25:05.377763,enact,26,featured_cpu,main,7
2025-07-14 16:25:05.377765,enact,26,featured_cpu,worker1,7
2025-07-14 16:25:05.377766,enact,26,featured_cpu,worker2,7
2025-07-14 16:25:05.377768,enact,26,featured_cpu,worker3,7
2025-07-14 16:25:05.377826,enact,26,featured_ram,m2,8
2025-07-14 16:25:05.377829,enact,26,featured_ram,main,8
2025-07-14 16:25:05.377831,enact,26,featured_ram,worker1,8
2025-07-14 16:25:05.377832,enact,26,featured_ram,worker2,8
2025-07-14 16:25:05.377834,enact,26,featured_ram,worker3,8
2025-07-14 16:25:05.377889,enact,26,featured_storage,m2,512
2025-07-14 16:25:05.377891,enact,26,featured_storage,main,1024
2025-07-14 16:25:05.377893,enact,26,featured_storage,worker1,1024
2025-07-14 16:25:05.377894,enact,26,featured_storage,worker2,1024
2025-07-14 16:25:05.377896,enact,26,featured_storage,worker3,1024
2025-07-14 16:25:05.377942,enact,26,featured_gpu,m2,0
2025-07-14 16:25:05.377944,enact,26,featured_gpu,main,0
2025-07-14 16:25:05.377946,enact,26,featured_gpu,worker1,0
2025-07-14 16:25:05.377947,enact,26,featured_gpu,worker2,0
2025-07-14 16:25:05.377949,enact,26,featured_gpu,worker3,0
2025-07-14 16:25:05.392543,enact,27,featured_carbon,m2,200
2025-07-14 16:25:05.392547,enact,27,featured_carbon,main,402
2025-07-14 16:25:05.392549,enact,27,featured_carbon,worker1,340
2025-07-14 16:25:05.392551,enact,27,featured_carbon,worker2,360
2025-07-14 16:25:05.392553,enact,27,featured_carbon,worker3,360
2025-07-14 16:25:05.393088,enact,27,featured_cpu,m2,7
2025-07-14 16:25:05.393091,enact,27,featured_cpu,main,7
2025-07-14 16:25:05.393093,enact,27,featured_cpu,worker1,7
2025-07-14 16:25:05.393094,enact,27,featured_cpu,worker2,7
2025-07-14 16:25:05.393096,enact,27,featured_cpu,worker3,7
2025-07-14 16:25:05.393161,enact,27,featured_ram,m2,8
2025-07-14 16:25:05.393164,enact,27,featured_ram,main,8
2025-07-14 16:25:05.393166,enact,27,featured_ram,worker1,8
2025-07-14 16:25:05.393167,enact,27,featured_ram,worker2,8
2025-07-14 16:25:05.393169,enact,27,featured_ram,worker3,8
2025-07-14 16:25:05.393239,enact,27,featured_storage,m2,512
2025-07-14 16:25:05.393242,enact,27,featured_storage,main,1024
2025-07-14 16:25:05.393243,enact,27,featured_storage,worker1,1024
2025-07-14 16:25:05.393245,enact,27,featured_storage,worker2,1024
2025-07-14 16:25:05.393247,enact,27,featured_storage,worker3,1024
2025-07-14 16:25:05.393297,enact,27,featured_gpu,m2,0
2025-07-14 16:25:05.393299,enact,27,featured_gpu,main,0
2025-07-14 16:25:05.393301,enact,27,featured_gpu,worker1,0
2025-07-14 16:25:05.393302,enact,27,featured_gpu,worker2,0
2025-07-14 16:25:05.393304,enact,27,featured_gpu,worker3,0
2025-07-14 16:25:05.407445,enact,28,featured_carbon,m2,200
2025-07-14 16:25:05.407447,enact,28,featured_carbon,main,402
2025-07-14 16:25:05.407449,enact,28,featured_carbon,worker1,340
2025-07-14 16:25:05.407451,enact,28,featured_carbon,worker2,360
2025-07-14 16:25:05.407452,enact,28,featured_carbon,worker3,360
2025-07-14 16:25:05.407995,enact,28,featured_cpu,m2,7
2025-07-14 16:25:05.407999,enact,28,featured_cpu,main,7
2025-07-14 16:25:05.408001,enact,28,featured_cpu,worker1,7
2025-07-14 16:25:05.408003,enact,28,featured_cpu,worker2,7
2025-07-14 16:25:05.408005,enact,28,featured_cpu,worker3,7
2025-07-14 16:25:05.408091,enact,28,featured_ram,m2,8
2025-07-14 16:25:05.408095,enact,28,featured_ram,main,8
2025-07-14 16:25:05.408097,enact,28,featured_ram,worker1,8
2025-07-14 16:25:05.408098,enact,28,featured_ram,worker2,8
2025-07-14 16:25:05.408100,enact,28,featured_ram,worker3,8
2025-07-14 16:25:05.408200,enact,28,featured_storage,m2,512
2025-07-14 16:25:05.408202,enact,28,featured_storage,main,1024
2025-07-14 16:25:05.408204,enact,28,featured_storage,worker1,1024
2025-07-14 16:25:05.408206,enact,28,featured_storage,worker2,1024
2025-07-14 16:25:05.408207,enact,28,featured_storage,worker3,1024
2025-07-14 16:25:05.408279,enact,28,featured_gpu,m2,0
2025-07-14 16:25:05.408281,enact,28,featured_gpu,main,0
2025-07-14 16:25:05.408283,enact,28,featured_gpu,worker1,0
2025-07-14 16:25:05.408285,enact,28,featured_gpu,worker2,0
2025-07-14 16:25:05.408286,enact,28,featured_gpu,worker3,0
2025-07-14 16:25:05.422593,enact,29,featured_carbon,m2,200
2025-07-14 16:25:05.422596,enact,29,featured_carbon,main,402
2025-07-14 16:25:05.422598,enact,29,featured_carbon,worker1,340
2025-07-14 16:25:05.422600,enact,29,featured_carbon,worker2,360
2025-07-14 16:25:05.422601,enact,29,featured_carbon,worker3,360
2025-07-14 16:25:05.423114,enact,29,featured_cpu,m2,7
2025-07-14 16:25:05.423116,enact,29,featured_cpu,main,7
2025-07-14 16:25:05.423118,enact,29,featured_cpu,worker1,7
2025-07-14 16:25:05.423119,enact,29,featured_cpu,worker2,7
2025-07-14 16:25:05.423121,enact,29,featured_cpu,worker3,7
2025-07-14 16:25:05.423167,enact,29,featured_ram,m2,8
2025-07-14 16:25:05.423170,enact,29,featured_ram,main,8
2025-07-14 16:25:05.423171,enact,29,featured_ram,worker1,8
2025-07-14 16:25:05.423173,enact,29,featured_ram,worker2,8
2025-07-14 16:25:05.423174,enact,29,featured_ram,worker3,8
2025-07-14 16:25:05.423235,enact,29,featured_storage,m2,512
2025-07-14 16:25:05.423237,enact,29,featured_storage,main,1024
2025-07-14 16:25:05.423239,enact,29,featured_storage,worker1,1024
2025-07-14 16:25:05.423241,enact,29,featured_storage,worker2,1024
2025-07-14 16:25:05.423242,enact,29,featured_storage,worker3,1024
2025-07-14 16:25:05.423296,enact,29,featured_gpu,m2,0
2025-07-14 16:25:05.423298,enact,29,featured_gpu,main,0
2025-07-14 16:25:05.423299,enact,29,featured_gpu,worker1,0
2025-07-14 16:25:05.423301,enact,29,featured_gpu,worker2,0
2025-07-14 16:25:05.423302,enact,29,featured_gpu,worker3,0
2025-07-14 16:25:05.437703,enact,30,featured_carbon,m2,200
2025-07-14 16:25:05.437705,enact,30,featured_carbon,main,402
2025-07-14 16:25:05.437708,enact,30,featured_carbon,worker1,340
2025-07-14 16:25:05.437709,enact,30,featured_carbon,worker2,360
2025-07-14 16:25:05.437711,enact,30,featured_carbon,worker3,360
2025-07-14 16:25:05.438287,enact,30,featured_cpu,m2,7
2025-07-14 16:25:05.438290,enact,30,featured_cpu,main,7
2025-07-14 16:25:05.438292,enact,30,featured_cpu,worker1,7
2025-07-14 16:25:05.438294,enact,30,featured_cpu,worker2,7
2025-07-14 16:25:05.438295,enact,30,featured_cpu,worker3,7
2025-07-14 16:25:05.438350,enact,30,featured_ram,m2,8
2025-07-14 16:25:05.438353,enact,30,featured_ram,main,8
2025-07-14 16:25:05.438355,enact,30,featured_ram,worker1,8
2025-07-14 16:25:05.438356,enact,30,featured_ram,worker2,8
2025-07-14 16:25:05.438358,enact,30,featured_ram,worker3,8
2025-07-14 16:25:05.438420,enact,30,featured_storage,m2,512
2025-07-14 16:25:05.438425,enact,30,featured_storage,main,1024
2025-07-14 16:25:05.438427,enact,30,featured_storage,worker1,1024
2025-07-14 16:25:05.438429,enact,30,featured_storage,worker2,1024
2025-07-14 16:25:05.438430,enact,30,featured_storage,worker3,1024
2025-07-14 16:25:05.438502,enact,30,featured_gpu,m2,0
2025-07-14 16:25:05.438504,enact,30,featured_gpu,main,0
2025-07-14 16:25:05.438506,enact,30,featured_gpu,worker1,0
2025-07-14 16:25:05.438508,enact,30,featured_gpu,worker2,0
2025-07-14 16:25:05.438509,enact,30,featured_gpu,worker3,0
2025-07-14 16:25:05.451755,enact,31,featured_carbon,m2,200
2025-07-14 16:25:05.451758,enact,31,featured_carbon,main,402
2025-07-14 16:25:05.451760,enact,31,featured_carbon,worker1,340
2025-07-14 16:25:05.451761,enact,31,featured_carbon,worker2,360
2025-07-14 16:25:05.451763,enact,31,featured_carbon,worker3,360
2025-07-14 16:25:05.452309,enact,31,featured_cpu,m2,7
2025-07-14 16:25:05.452311,enact,31,featured_cpu,main,7
2025-07-14 16:25:05.452313,enact,31,featured_cpu,worker1,7
2025-07-14 16:25:05.452315,enact,31,featured_cpu,worker2,7
2025-07-14 16:25:05.452316,enact,31,featured_cpu,worker3,7
2025-07-14 16:25:05.452383,enact,31,featured_ram,m2,8
2025-07-14 16:25:05.452385,enact,31,featured_ram,main,8
2025-07-14 16:25:05.452386,enact,31,featured_ram,worker1,8
2025-07-14 16:25:05.452388,enact,31,featured_ram,worker2,8
2025-07-14 16:25:05.452390,enact,31,featured_ram,worker3,8
2025-07-14 16:25:05.452456,enact,31,featured_storage,m2,512
2025-07-14 16:25:05.452459,enact,31,featured_storage,main,1024
2025-07-14 16:25:05.452461,enact,31,featured_storage,worker1,1024
2025-07-14 16:25:05.452463,enact,31,featured_storage,worker2,1024
2025-07-14 16:25:05.452465,enact,31,featured_storage,worker3,1024
2025-07-14 16:25:05.452541,enact,31,featured_gpu,m2,0
2025-07-14 16:25:05.452543,enact,31,featured_gpu,main,0
2025-07-14 16:25:05.452545,enact,31,featured_gpu,worker1,0
2025-07-14 16:25:05.452547,enact,31,featured_gpu,worker2,0
2025-07-14 16:25:05.452548,enact,31,featured_gpu,worker3,0
2025-07-14 16:25:05.465960,enact,32,featured_carbon,m2,200
2025-07-14 16:25:05.465965,enact,32,featured_carbon,main,402
2025-07-14 16:25:05.465967,enact,32,featured_carbon,worker1,340
2025-07-14 16:25:05.465968,enact,32,featured_carbon,worker2,360
2025-07-14 16:25:05.465970,enact,32,featured_carbon,worker3,360
2025-07-14 16:25:05.466523,enact,32,featured_cpu,m2,7
2025-07-14 16:25:05.466526,enact,32,featured_cpu,main,7
2025-07-14 16:25:05.466528,enact,32,featured_cpu,worker1,7
2025-07-14 16:25:05.466529,enact,32,featured_cpu,worker2,7
2025-07-14 16:25:05.466531,enact,32,featured_cpu,worker3,7
2025-07-14 16:25:05.466588,enact,32,featured_ram,m2,8
2025-07-14 16:25:05.466590,enact,32,featured_ram,main,8
2025-07-14 16:25:05.466592,enact,32,featured_ram,worker1,8
2025-07-14 16:25:05.466593,enact,32,featured_ram,worker2,8
2025-07-14 16:25:05.466595,enact,32,featured_ram,worker3,8
2025-07-14 16:25:05.466657,enact,32,featured_storage,m2,512
2025-07-14 16:25:05.466659,enact,32,featured_storage,main,1024
2025-07-14 16:25:05.466661,enact,32,featured_storage,worker1,1024
2025-07-14 16:25:05.466662,enact,32,featured_storage,worker2,1024
2025-07-14 16:25:05.466664,enact,32,featured_storage,worker3,1024
2025-07-14 16:25:05.466733,enact,32,featured_gpu,m2,0
2025-07-14 16:25:05.466736,enact,32,featured_gpu,main,0
2025-07-14 16:25:05.466738,enact,32,featured_gpu,worker1,0
2025-07-14 16:25:05.466739,enact,32,featured_gpu,worker2,0
2025-07-14 16:25:05.466741,enact,32,featured_gpu,worker3,0
2025-07-14 16:25:05.481004,enact,33,featured_carbon,m2,200
2025-07-14 16:25:05.481007,enact,33,featured_carbon,main,402
2025-07-14 16:25:05.481009,enact,33,featured_carbon,worker1,340
2025-07-14 16:25:05.481011,enact,33,featured_carbon,worker2,360
2025-07-14 16:25:05.481012,enact,33,featured_carbon,worker3,360
2025-07-14 16:25:05.481516,enact,33,featured_cpu,m2,7
2025-07-14 16:25:05.481518,enact,33,featured_cpu,main,7
2025-07-14 16:25:05.481520,enact,33,featured_cpu,worker1,7
2025-07-14 16:25:05.481522,enact,33,featured_cpu,worker2,7
2025-07-14 16:25:05.481523,enact,33,featured_cpu,worker3,7
2025-07-14 16:25:05.481569,enact,33,featured_ram,m2,8
2025-07-14 16:25:05.481572,enact,33,featured_ram,main,8
2025-07-14 16:25:05.481573,enact,33,featured_ram,worker1,8
2025-07-14 16:25:05.481575,enact,33,featured_ram,worker2,8
2025-07-14 16:25:05.481576,enact,33,featured_ram,worker3,8
2025-07-14 16:25:05.481623,enact,33,featured_storage,m2,512
2025-07-14 16:25:05.481625,enact,33,featured_storage,main,1024
2025-07-14 16:25:05.481627,enact,33,featured_storage,worker1,1024
2025-07-14 16:25:05.481628,enact,33,featured_storage,worker2,1024
2025-07-14 16:25:05.481630,enact,33,featured_storage,worker3,1024
2025-07-14 16:25:05.481676,enact,33,featured_gpu,m2,0
2025-07-14 16:25:05.481678,enact,33,featured_gpu,main,0
2025-07-14 16:25:05.481680,enact,33,featured_gpu,worker1,0
2025-07-14 16:25:05.481681,enact,33,featured_gpu,worker2,0
2025-07-14 16:25:05.481683,enact,33,featured_gpu,worker3,0
2025-07-14 16:25:05.496020,enact,34,featured_carbon,m2,200
2025-07-14 16:25:05.496023,enact,34,featured_carbon,main,402
2025-07-14 16:25:05.496025,enact,34,featured_carbon,worker1,340
2025-07-14 16:25:05.496027,enact,34,featured_carbon,worker2,360
2025-07-14 16:25:05.496028,enact,34,featured_carbon,worker3,360
2025-07-14 16:25:05.496555,enact,34,featured_cpu,m2,7
2025-07-14 16:25:05.496558,enact,34,featured_cpu,main,7
2025-07-14 16:25:05.496560,enact,34,featured_cpu,worker1,7
2025-07-14 16:25:05.496561,enact,34,featured_cpu,worker2,7
2025-07-14 16:25:05.496563,enact,34,featured_cpu,worker3,7
2025-07-14 16:25:05.496616,enact,34,featured_ram,m2,8
2025-07-14 16:25:05.496618,enact,34,featured_ram,main,8
2025-07-14 16:25:05.496620,enact,34,featured_ram,worker1,8
2025-07-14 16:25:05.496622,enact,34,featured_ram,worker2,8
2025-07-14 16:25:05.496623,enact,34,featured_ram,worker3,8
2025-07-14 16:25:05.496676,enact,34,featured_storage,m2,512
2025-07-14 16:25:05.496678,enact,34,featured_storage,main,1024
2025-07-14 16:25:05.496681,enact,34,featured_storage,worker1,1024
2025-07-14 16:25:05.496683,enact,34,featured_storage,worker2,1024
2025-07-14 16:25:05.496684,enact,34,featured_storage,worker3,1024
2025-07-14 16:25:05.496749,enact,34,featured_gpu,m2,0
2025-07-14 16:25:05.496751,enact,34,featured_gpu,main,0
2025-07-14 16:25:05.496753,enact,34,featured_gpu,worker1,0
2025-07-14 16:25:05.496754,enact,34,featured_gpu,worker2,0
2025-07-14 16:25:05.496756,enact,34,featured_gpu,worker3,0
2025-07-14 16:25:05.511015,enact,35,featured_carbon,m2,200
2025-07-14 16:25:05.511017,enact,35,featured_carbon,main,402
2025-07-14 16:25:05.511019,enact,35,featured_carbon,worker1,340
2025-07-14 16:25:05.511021,enact,35,featured_carbon,worker2,360
2025-07-14 16:25:05.511022,enact,35,featured_carbon,worker3,360
2025-07-14 16:25:05.511553,enact,35,featured_cpu,m2,7
2025-07-14 16:25:05.511556,enact,35,featured_cpu,main,7
2025-07-14 16:25:05.511557,enact,35,featured_cpu,worker1,7
2025-07-14 16:25:05.511559,enact,35,featured_cpu,worker2,7
2025-07-14 16:25:05.511560,enact,35,featured_cpu,worker3,7
2025-07-14 16:25:05.511630,enact,35,featured_ram,m2,8
2025-07-14 16:25:05.511633,enact,35,featured_ram,main,8
2025-07-14 16:25:05.511634,enact,35,featured_ram,worker1,8
2025-07-14 16:25:05.511636,enact,35,featured_ram,worker2,8
2025-07-14 16:25:05.511638,enact,35,featured_ram,worker3,8
2025-07-14 16:25:05.511683,enact,35,featured_storage,m2,512
2025-07-14 16:25:05.511685,enact,35,featured_storage,main,1024
2025-07-14 16:25:05.511687,enact,35,featured_storage,worker1,1024
2025-07-14 16:25:05.511689,enact,35,featured_storage,worker2,1024
2025-07-14 16:25:05.511690,enact,35,featured_storage,worker3,1024
2025-07-14 16:25:05.511736,enact,35,featured_gpu,m2,0
2025-07-14 16:25:05.511738,enact,35,featured_gpu,main,0
2025-07-14 16:25:05.511740,enact,35,featured_gpu,worker1,0
2025-07-14 16:25:05.511741,enact,35,featured_gpu,worker2,0
2025-07-14 16:25:05.511743,enact,35,featured_gpu,worker3,0
2025-07-14 16:25:05.526256,enact,36,featured_carbon,m2,200
2025-07-14 16:25:05.526260,enact,36,featured_carbon,main,402
2025-07-14 16:25:05.526262,enact,36,featured_carbon,worker1,340
2025-07-14 16:25:05.526263,enact,36,featured_carbon,worker2,360
2025-07-14 16:25:05.526265,enact,36,featured_carbon,worker3,360
2025-07-14 16:25:05.526807,enact,36,featured_cpu,m2,7
2025-07-14 16:25:05.526809,enact,36,featured_cpu,main,7
2025-07-14 16:25:05.526811,enact,36,featured_cpu,worker1,7
2025-07-14 16:25:05.526812,enact,36,featured_cpu,worker2,7
2025-07-14 16:25:05.526814,enact,36,featured_cpu,worker3,7
2025-07-14 16:25:05.526874,enact,36,featured_ram,m2,8
2025-07-14 16:25:05.526876,enact,36,featured_ram,main,8
2025-07-14 16:25:05.526878,enact,36,featured_ram,worker1,8
2025-07-14 16:25:05.526879,enact,36,featured_ram,worker2,8
2025-07-14 16:25:05.526881,enact,36,featured_ram,worker3,8
2025-07-14 16:25:05.526933,enact,36,featured_storage,m2,512
2025-07-14 16:25:05.526935,enact,36,featured_storage,main,1024
2025-07-14 16:25:05.526937,enact,36,featured_storage,worker1,1024
2025-07-14 16:25:05.526938,enact,36,featured_storage,worker2,1024
2025-07-14 16:25:05.526940,enact,36,featured_storage,worker3,1024
2025-07-14 16:25:05.527012,enact,36,featured_gpu,m2,0
2025-07-14 16:25:05.527014,enact,36,featured_gpu,main,0
2025-07-14 16:25:05.527016,enact,36,featured_gpu,worker1,0
2025-07-14 16:25:05.527017,enact,36,featured_gpu,worker2,0
2025-07-14 16:25:05.527019,enact,36,featured_gpu,worker3,0
2025-07-14 16:25:05.540860,enact,37,featured_carbon,m2,200
2025-07-14 16:25:05.540863,enact,37,featured_carbon,main,402
2025-07-14 16:25:05.540864,enact,37,featured_carbon,worker1,340
2025-07-14 16:25:05.540866,enact,37,featured_carbon,worker2,360
2025-07-14 16:25:05.540868,enact,37,featured_carbon,worker3,360
2025-07-14 16:25:05.541629,enact,37,featured_cpu,m2,7
2025-07-14 16:25:05.541632,enact,37,featured_cpu,main,7
2025-07-14 16:25:05.541634,enact,37,featured_cpu,worker1,7
2025-07-14 16:25:05.541636,enact,37,featured_cpu,worker2,7
2025-07-14 16:25:05.541637,enact,37,featured_cpu,worker3,7
2025-07-14 16:25:05.541694,enact,37,featured_ram,m2,8
2025-07-14 16:25:05.541696,enact,37,featured_ram,main,8
2025-07-14 16:25:05.541698,enact,37,featured_ram,worker1,8
2025-07-14 16:25:05.541700,enact,37,featured_ram,worker2,8
2025-07-14 16:25:05.541701,enact,37,featured_ram,worker3,8
2025-07-14 16:25:05.541755,enact,37,featured_storage,m2,512
2025-07-14 16:25:05.541757,enact,37,featured_storage,main,1024
2025-07-14 16:25:05.541759,enact,37,featured_storage,worker1,1024
2025-07-14 16:25:05.541761,enact,37,featured_storage,worker2,1024
2025-07-14 16:25:05.541763,enact,37,featured_storage,worker3,1024
2025-07-14 16:25:05.541820,enact,37,featured_gpu,m2,0
2025-07-14 16:25:05.541822,enact,37,featured_gpu,main,0
2025-07-14 16:25:05.541824,enact,37,featured_gpu,worker1,0
2025-07-14 16:25:05.541825,enact,37,featured_gpu,worker2,0
2025-07-14 16:25:05.541827,enact,37,featured_gpu,worker3,0
2025-07-14 16:25:05.556100,enact,38,featured_carbon,m2,200
2025-07-14 16:25:05.556103,enact,38,featured_carbon,main,402
2025-07-14 16:25:05.556105,enact,38,featured_carbon,worker1,340
2025-07-14 16:25:05.556106,enact,38,featured_carbon,worker2,360
2025-07-14 16:25:05.556108,enact,38,featured_carbon,worker3,360
2025-07-14 16:25:05.556595,enact,38,featured_cpu,m2,7
2025-07-14 16:25:05.556598,enact,38,featured_cpu,main,7
2025-07-14 16:25:05.556599,enact,38,featured_cpu,worker1,7
2025-07-14 16:25:05.556601,enact,38,featured_cpu,worker2,7
2025-07-14 16:25:05.556603,enact,38,featured_cpu,worker3,7
2025-07-14 16:25:05.556654,enact,38,featured_ram,m2,8
2025-07-14 16:25:05.556657,enact,38,featured_ram,main,8
2025-07-14 16:25:05.556659,enact,38,featured_ram,worker1,8
2025-07-14 16:25:05.556660,enact,38,featured_ram,worker2,8
2025-07-14 16:25:05.556662,enact,38,featured_ram,worker3,8
2025-07-14 16:25:05.556707,enact,38,featured_storage,m2,512
2025-07-14 16:25:05.556709,enact,38,featured_storage,main,1024
2025-07-14 16:25:05.556711,enact,38,featured_storage,worker1,1024
2025-07-14 16:25:05.556713,enact,38,featured_storage,worker2,1024
2025-07-14 16:25:05.556714,enact,38,featured_storage,worker3,1024
2025-07-14 16:25:05.556809,enact,38,featured_gpu,m2,0
2025-07-14 16:25:05.556813,enact,38,featured_gpu,main,0
2025-07-14 16:25:05.556814,enact,38,featured_gpu,worker1,0
2025-07-14 16:25:05.556816,enact,38,featured_gpu,worker2,0
2025-07-14 16:25:05.556818,enact,38,featured_gpu,worker3,0
2025-07-14 16:25:05.571278,enact,39,featured_carbon,m2,200
2025-07-14 16:25:05.571283,enact,39,featured_carbon,main,402
2025-07-14 16:25:05.571285,enact,39,featured_carbon,worker1,340
2025-07-14 16:25:05.571287,enact,39,featured_carbon,worker2,360
2025-07-14 16:25:05.571288,enact,39,featured_carbon,worker3,360
2025-07-14 16:25:05.571866,enact,39,featured_cpu,m2,7
2025-07-14 16:25:05.571868,enact,39,featured_cpu,main,7
2025-07-14 16:25:05.571870,enact,39,featured_cpu,worker1,7
2025-07-14 16:25:05.571872,enact,39,featured_cpu,worker2,7
2025-07-14 16:25:05.571873,enact,39,featured_cpu,worker3,7
2025-07-14 16:25:05.571931,enact,39,featured_ram,m2,8
2025-07-14 16:25:05.571933,enact,39,featured_ram,main,8
2025-07-14 16:25:05.571935,enact,39,featured_ram,worker1,8
2025-07-14 16:25:05.571936,enact,39,featured_ram,worker2,8
2025-07-14 16:25:05.571938,enact,39,featured_ram,worker3,8
2025-07-14 16:25:05.572004,enact,39,featured_storage,m2,512
2025-07-14 16:25:05.572006,enact,39,featured_storage,main,1024
2025-07-14 16:25:05.572008,enact,39,featured_storage,worker1,1024
2025-07-14 16:25:05.572010,enact,39,featured_storage,worker2,1024
2025-07-14 16:25:05.572011,enact,39,featured_storage,worker3,1024
2025-07-14 16:25:05.572078,enact,39,featured_gpu,m2,0
2025-07-14 16:25:05.572080,enact,39,featured_gpu,main,0
2025-07-14 16:25:05.572082,enact,39,featured_gpu,worker1,0
2025-07-14 16:25:05.572084,enact,39,featured_gpu,worker2,0
2025-07-14 16:25:05.572085,enact,39,featured_gpu,worker3,0
2025-07-14 16:25:05.585485,enact,40,featured_carbon,m2,200
2025-07-14 16:25:05.585490,enact,40,featured_carbon,main,402
2025-07-14 16:25:05.585491,enact,40,featured_carbon,worker1,340
2025-07-14 16:25:05.585493,enact,40,featured_carbon,worker2,360
2025-07-14 16:25:05.585495,enact,40,featured_carbon,worker3,360
2025-07-14 16:25:05.586109,enact,40,featured_cpu,m2,7
2025-07-14 16:25:05.586112,enact,40,featured_cpu,main,7
2025-07-14 16:25:05.586114,enact,40,featured_cpu,worker1,7
2025-07-14 16:25:05.586115,enact,40,featured_cpu,worker2,7
2025-07-14 16:25:05.586117,enact,40,featured_cpu,worker3,7
2025-07-14 16:25:05.586173,enact,40,featured_ram,m2,8
2025-07-14 16:25:05.586175,enact,40,featured_ram,main,8
2025-07-14 16:25:05.586176,enact,40,featured_ram,worker1,8
2025-07-14 16:25:05.586178,enact,40,featured_ram,worker2,8
2025-07-14 16:25:05.586179,enact,40,featured_ram,worker3,8
2025-07-14 16:25:05.586232,enact,40,featured_storage,m2,512
2025-07-14 16:25:05.586234,enact,40,featured_storage,main,1024
2025-07-14 16:25:05.586236,enact,40,featured_storage,worker1,1024
2025-07-14 16:25:05.586238,enact,40,featured_storage,worker2,1024
2025-07-14 16:25:05.586239,enact,40,featured_storage,worker3,1024
2025-07-14 16:25:05.586304,enact,40,featured_gpu,m2,0
2025-07-14 16:25:05.586306,enact,40,featured_gpu,main,0
2025-07-14 16:25:05.586308,enact,40,featured_gpu,worker1,0
2025-07-14 16:25:05.586310,enact,40,featured_gpu,worker2,0
2025-07-14 16:25:05.586311,enact,40,featured_gpu,worker3,0
2025-07-14 16:25:05.599627,enact,41,featured_carbon,m2,200
2025-07-14 16:25:05.599629,enact,41,featured_carbon,main,402
2025-07-14 16:25:05.599631,enact,41,featured_carbon,worker1,340
2025-07-14 16:25:05.599633,enact,41,featured_carbon,worker2,360
2025-07-14 16:25:05.599634,enact,41,featured_carbon,worker3,360
2025-07-14 16:25:05.600126,enact,41,featured_cpu,m2,7
2025-07-14 16:25:05.600128,enact,41,featured_cpu,main,7
2025-07-14 16:25:05.600130,enact,41,featured_cpu,worker1,7
2025-07-14 16:25:05.600132,enact,41,featured_cpu,worker2,7
2025-07-14 16:25:05.600134,enact,41,featured_cpu,worker3,7
2025-07-14 16:25:05.600185,enact,41,featured_ram,m2,8
2025-07-14 16:25:05.600188,enact,41,featured_ram,main,8
2025-07-14 16:25:05.600189,enact,41,featured_ram,worker1,8
2025-07-14 16:25:05.600191,enact,41,featured_ram,worker2,8
2025-07-14 16:25:05.600193,enact,41,featured_ram,worker3,8
2025-07-14 16:25:05.600248,enact,41,featured_storage,m2,512
2025-07-14 16:25:05.600251,enact,41,featured_storage,main,1024
2025-07-14 16:25:05.600252,enact,41,featured_storage,worker1,1024
2025-07-14 16:25:05.600254,enact,41,featured_storage,worker2,1024
2025-07-14 16:25:05.600256,enact,41,featured_storage,worker3,1024
2025-07-14 16:25:05.600323,enact,41,featured_gpu,m2,0
2025-07-14 16:25:05.600325,enact,41,featured_gpu,main,0
2025-07-14 16:25:05.600327,enact,41,featured_gpu,worker1,0
2025-07-14 16:25:05.600328,enact,41,featured_gpu,worker2,0
2025-07-14 16:25:05.600330,enact,41,featured_gpu,worker3,0
2025-07-14 16:25:05.613449,enact,42,featured_carbon,m2,200
2025-07-14 16:25:05.613452,enact,42,featured_carbon,main,402
2025-07-14 16:25:05.613454,enact,42,featured_carbon,worker1,340
2025-07-14 16:25:05.613456,enact,42,featured_carbon,worker2,360
2025-07-14 16:25:05.613458,enact,42,featured_carbon,worker3,360
2025-07-14 16:25:05.613968,enact,42,featured_cpu,m2,7
2025-07-14 16:25:05.613970,enact,42,featured_cpu,main,7
2025-07-14 16:25:05.613972,enact,42,featured_cpu,worker1,7
2025-07-14 16:25:05.613973,enact,42,featured_cpu,worker2,7
2025-07-14 16:25:05.613975,enact,42,featured_cpu,worker3,7
2025-07-14 16:25:05.614046,enact,42,featured_ram,m2,8
2025-07-14 16:25:05.614048,enact,42,featured_ram,main,8
2025-07-14 16:25:05.614050,enact,42,featured_ram,worker1,8
2025-07-14 16:25:05.614051,enact,42,featured_ram,worker2,8
2025-07-14 16:25:05.614053,enact,42,featured_ram,worker3,8
2025-07-14 16:25:05.614141,enact,42,featured_storage,m2,512
2025-07-14 16:25:05.614143,enact,42,featured_storage,main,1024
2025-07-14 16:25:05.614145,enact,42,featured_storage,worker1,1024
2025-07-14 16:25:05.614146,enact,42,featured_storage,worker2,1024
2025-07-14 16:25:05.614148,enact,42,featured_storage,worker3,1024
2025-07-14 16:25:05.614196,enact,42,featured_gpu,m2,0
2025-07-14 16:25:05.614199,enact,42,featured_gpu,main,0
2025-07-14 16:25:05.614200,enact,42,featured_gpu,worker1,0
2025-07-14 16:25:05.614202,enact,42,featured_gpu,worker2,0
2025-07-14 16:25:05.614203,enact,42,featured_gpu,worker3,0
2025-07-14 16:25:05.628723,enact,43,featured_carbon,m2,200
2025-07-14 16:25:05.628725,enact,43,featured_carbon,main,402
2025-07-14 16:25:05.628727,enact,43,featured_carbon,worker1,340
2025-07-14 16:25:05.628729,enact,43,featured_carbon,worker2,360
2025-07-14 16:25:05.628730,enact,43,featured_carbon,worker3,360
2025-07-14 16:25:05.629217,enact,43,featured_cpu,m2,7
2025-07-14 16:25:05.629220,enact,43,featured_cpu,main,7
2025-07-14 16:25:05.629221,enact,43,featured_cpu,worker1,7
2025-07-14 16:25:05.629223,enact,43,featured_cpu,worker2,7
2025-07-14 16:25:05.629225,enact,43,featured_cpu,worker3,7
2025-07-14 16:25:05.629289,enact,43,featured_ram,m2,8
2025-07-14 16:25:05.629291,enact,43,featured_ram,main,8
2025-07-14 16:25:05.629293,enact,43,featured_ram,worker1,8
2025-07-14 16:25:05.629294,enact,43,featured_ram,worker2,8
2025-07-14 16:25:05.629296,enact,43,featured_ram,worker3,8
2025-07-14 16:25:05.629357,enact,43,featured_storage,m2,512
2025-07-14 16:25:05.629360,enact,43,featured_storage,main,1024
2025-07-14 16:25:05.629361,enact,43,featured_storage,worker1,1024
2025-07-14 16:25:05.629363,enact,43,featured_storage,worker2,1024
2025-07-14 16:25:05.629365,enact,43,featured_storage,worker3,1024
2025-07-14 16:25:05.629425,enact,43,featured_gpu,m2,0
2025-07-14 16:25:05.629428,enact,43,featured_gpu,main,0
2025-07-14 16:25:05.629430,enact,43,featured_gpu,worker1,0
2025-07-14 16:25:05.629431,enact,43,featured_gpu,worker2,0
2025-07-14 16:25:05.629433,enact,43,featured_gpu,worker3,0
2025-07-14 16:25:05.644135,enact,44,featured_carbon,m2,200
2025-07-14 16:25:05.644138,enact,44,featured_carbon,main,402
2025-07-14 16:25:05.644140,enact,44,featured_carbon,worker1,340
2025-07-14 16:25:05.644142,enact,44,featured_carbon,worker2,360
2025-07-14 16:25:05.644143,enact,44,featured_carbon,worker3,360
2025-07-14 16:25:05.644689,enact,44,featured_cpu,m2,7
2025-07-14 16:25:05.644691,enact,44,featured_cpu,main,7
2025-07-14 16:25:05.644693,enact,44,featured_cpu,worker1,7
2025-07-14 16:25:05.644695,enact,44,featured_cpu,worker2,7
2025-07-14 16:25:05.644696,enact,44,featured_cpu,worker3,7
2025-07-14 16:25:05.644761,enact,44,featured_ram,m2,8
2025-07-14 16:25:05.644764,enact,44,featured_ram,main,8
2025-07-14 16:25:05.644765,enact,44,featured_ram,worker1,8
2025-07-14 16:25:05.644767,enact,44,featured_ram,worker2,8
2025-07-14 16:25:05.644768,enact,44,featured_ram,worker3,8
2025-07-14 16:25:05.644830,enact,44,featured_storage,m2,512
2025-07-14 16:25:05.644832,enact,44,featured_storage,main,1024
2025-07-14 16:25:05.644834,enact,44,featured_storage,worker1,1024
2025-07-14 16:25:05.644836,enact,44,featured_storage,worker2,1024
2025-07-14 16:25:05.644837,enact,44,featured_storage,worker3,1024
2025-07-14 16:25:05.644895,enact,44,featured_gpu,m2,0
2025-07-14 16:25:05.644897,enact,44,featured_gpu,main,0
2025-07-14 16:25:05.644899,enact,44,featured_gpu,worker1,0
2025-07-14 16:25:05.644901,enact,44,featured_gpu,worker2,0
2025-07-14 16:25:05.644902,enact,44,featured_gpu,worker3,0
2025-07-14 16:25:05.658334,enact,45,featured_carbon,m2,200
2025-07-14 16:25:05.658337,enact,45,featured_carbon,main,402
2025-07-14 16:25:05.658339,enact,45,featured_carbon,worker1,340
2025-07-14 16:25:05.658340,enact,45,featured_carbon,worker2,360
2025-07-14 16:25:05.658342,enact,45,featured_carbon,worker3,360
2025-07-14 16:25:05.659154,enact,45,featured_cpu,m2,7
2025-07-14 16:25:05.659158,enact,45,featured_cpu,main,7
2025-07-14 16:25:05.659160,enact,45,featured_cpu,worker1,7
2025-07-14 16:25:05.659161,enact,45,featured_cpu,worker2,7
2025-07-14 16:25:05.659163,enact,45,featured_cpu,worker3,7
2025-07-14 16:25:05.659228,enact,45,featured_ram,m2,8
2025-07-14 16:25:05.659231,enact,45,featured_ram,main,8
2025-07-14 16:25:05.659233,enact,45,featured_ram,worker1,8
2025-07-14 16:25:05.659234,enact,45,featured_ram,worker2,8
2025-07-14 16:25:05.659236,enact,45,featured_ram,worker3,8
2025-07-14 16:25:05.659288,enact,45,featured_storage,m2,512
2025-07-14 16:25:05.659290,enact,45,featured_storage,main,1024
2025-07-14 16:25:05.659292,enact,45,featured_storage,worker1,1024
2025-07-14 16:25:05.659294,enact,45,featured_storage,worker2,1024
2025-07-14 16:25:05.659295,enact,45,featured_storage,worker3,1024
2025-07-14 16:25:05.659352,enact,45,featured_gpu,m2,0
2025-07-14 16:25:05.659354,enact,45,featured_gpu,main,0
2025-07-14 16:25:05.659356,enact,45,featured_gpu,worker1,0
2025-07-14 16:25:05.659358,enact,45,featured_gpu,worker2,0
2025-07-14 16:25:05.659359,enact,45,featured_gpu,worker3,0
2025-07-14 16:25:05.673275,enact,46,featured_carbon,m2,200
2025-07-14 16:25:05.673277,enact,46,featured_carbon,main,402
2025-07-14 16:25:05.673279,enact,46,featured_carbon,worker1,340
2025-07-14 16:25:05.673281,enact,46,featured_carbon,worker2,360
2025-07-14 16:25:05.673283,enact,46,featured_carbon,worker3,360
2025-07-14 16:25:05.673998,enact,46,featured_cpu,m2,7
2025-07-14 16:25:05.674001,enact,46,featured_cpu,main,7
2025-07-14 16:25:05.674002,enact,46,featured_cpu,worker1,7
2025-07-14 16:25:05.674004,enact,46,featured_cpu,worker2,7
2025-07-14 16:25:05.674006,enact,46,featured_cpu,worker3,7
2025-07-14 16:25:05.674076,enact,46,featured_ram,m2,8
2025-07-14 16:25:05.674079,enact,46,featured_ram,main,8
2025-07-14 16:25:05.674081,enact,46,featured_ram,worker1,8
2025-07-14 16:25:05.674083,enact,46,featured_ram,worker2,8
2025-07-14 16:25:05.674084,enact,46,featured_ram,worker3,8
2025-07-14 16:25:05.674140,enact,46,featured_storage,m2,512
2025-07-14 16:25:05.674142,enact,46,featured_storage,main,1024
2025-07-14 16:25:05.674144,enact,46,featured_storage,worker1,1024
2025-07-14 16:25:05.674146,enact,46,featured_storage,worker2,1024
2025-07-14 16:25:05.674147,enact,46,featured_storage,worker3,1024
2025-07-14 16:25:05.674195,enact,46,featured_gpu,m2,0
2025-07-14 16:25:05.674197,enact,46,featured_gpu,main,0
2025-07-14 16:25:05.674199,enact,46,featured_gpu,worker1,0
2025-07-14 16:25:05.674201,enact,46,featured_gpu,worker2,0
2025-07-14 16:25:05.674202,enact,46,featured_gpu,worker3,0
2025-07-14 16:25:05.688390,enact,47,featured_carbon,m2,200
2025-07-14 16:25:05.688392,enact,47,featured_carbon,main,402
2025-07-14 16:25:05.688394,enact,47,featured_carbon,worker1,340
2025-07-14 16:25:05.688396,enact,47,featured_carbon,worker2,360
2025-07-14 16:25:05.688397,enact,47,featured_carbon,worker3,360
2025-07-14 16:25:05.688998,enact,47,featured_cpu,m2,7
2025-07-14 16:25:05.689001,enact,47,featured_cpu,main,7
2025-07-14 16:25:05.689003,enact,47,featured_cpu,worker1,7
2025-07-14 16:25:05.689004,enact,47,featured_cpu,worker2,7
2025-07-14 16:25:05.689006,enact,47,featured_cpu,worker3,7
2025-07-14 16:25:05.689069,enact,47,featured_ram,m2,8
2025-07-14 16:25:05.689072,enact,47,featured_ram,main,8
2025-07-14 16:25:05.689074,enact,47,featured_ram,worker1,8
2025-07-14 16:25:05.689075,enact,47,featured_ram,worker2,8
2025-07-14 16:25:05.689077,enact,47,featured_ram,worker3,8
2025-07-14 16:25:05.689126,enact,47,featured_storage,m2,512
2025-07-14 16:25:05.689129,enact,47,featured_storage,main,1024
2025-07-14 16:25:05.689131,enact,47,featured_storage,worker1,1024
2025-07-14 16:25:05.689132,enact,47,featured_storage,worker2,1024
2025-07-14 16:25:05.689134,enact,47,featured_storage,worker3,1024
2025-07-14 16:25:05.689203,enact,47,featured_gpu,m2,0
2025-07-14 16:25:05.689205,enact,47,featured_gpu,main,0
2025-07-14 16:25:05.689207,enact,47,featured_gpu,worker1,0
2025-07-14 16:25:05.689208,enact,47,featured_gpu,worker2,0
2025-07-14 16:25:05.689210,enact,47,featured_gpu,worker3,0
2025-07-14 16:25:05.702597,enact,48,featured_carbon,m2,200
2025-07-14 16:25:05.702600,enact,48,featured_carbon,main,402
2025-07-14 16:25:05.702601,enact,48,featured_carbon,worker1,340
2025-07-14 16:25:05.702603,enact,48,featured_carbon,worker2,360
2025-07-14 16:25:05.702605,enact,48,featured_carbon,worker3,360
2025-07-14 16:25:05.703105,enact,48,featured_cpu,m2,7
2025-07-14 16:25:05.703108,enact,48,featured_cpu,main,7
2025-07-14 16:25:05.703110,enact,48,featured_cpu,worker1,7
2025-07-14 16:25:05.703111,enact,48,featured_cpu,worker2,7
2025-07-14 16:25:05.703113,enact,48,featured_cpu,worker3,7
2025-07-14 16:25:05.703170,enact,48,featured_ram,m2,8
2025-07-14 16:25:05.703172,enact,48,featured_ram,main,8
2025-07-14 16:25:05.703173,enact,48,featured_ram,worker1,8
2025-07-14 16:25:05.703175,enact,48,featured_ram,worker2,8
2025-07-14 16:25:05.703177,enact,48,featured_ram,worker3,8
2025-07-14 16:25:05.703230,enact,48,featured_storage,m2,512
2025-07-14 16:25:05.703233,enact,48,featured_storage,main,1024
2025-07-14 16:25:05.703234,enact,48,featured_storage,worker1,1024
2025-07-14 16:25:05.703236,enact,48,featured_storage,worker2,1024
2025-07-14 16:25:05.703237,enact,48,featured_storage,worker3,1024
2025-07-14 16:25:05.703293,enact,48,featured_gpu,m2,0
2025-07-14 16:25:05.703295,enact,48,featured_gpu,main,0
2025-07-14 16:25:05.703297,enact,48,featured_gpu,worker1,0
2025-07-14 16:25:05.703298,enact,48,featured_gpu,worker2,0
2025-07-14 16:25:05.703300,enact,48,featured_gpu,worker3,0
2025-07-14 16:25:05.717597,enact,49,featured_carbon,m2,200
2025-07-14 16:25:05.717600,enact,49,featured_carbon,main,402
2025-07-14 16:25:05.717602,enact,49,featured_carbon,worker1,340
2025-07-14 16:25:05.717604,enact,49,featured_carbon,worker2,360
2025-07-14 16:25:05.717605,enact,49,featured_carbon,worker3,360
2025-07-14 16:25:05.718095,enact,49,featured_cpu,m2,7
2025-07-14 16:25:05.718097,enact,49,featured_cpu,main,7
2025-07-14 16:25:05.718099,enact,49,featured_cpu,worker1,7
2025-07-14 16:25:05.718100,enact,49,featured_cpu,worker2,7
2025-07-14 16:25:05.718102,enact,49,featured_cpu,worker3,7
2025-07-14 16:25:05.718155,enact,49,featured_ram,m2,8
2025-07-14 16:25:05.718158,enact,49,featured_ram,main,8
2025-07-14 16:25:05.718159,enact,49,featured_ram,worker1,8
2025-07-14 16:25:05.718161,enact,49,featured_ram,worker2,8
2025-07-14 16:25:05.718162,enact,49,featured_ram,worker3,8
2025-07-14 16:25:05.718205,enact,49,featured_storage,m2,512
2025-07-14 16:25:05.718207,enact,49,featured_storage,main,1024
2025-07-14 16:25:05.718209,enact,49,featured_storage,worker1,1024
2025-07-14 16:25:05.718211,enact,49,featured_storage,worker2,1024
2025-07-14 16:25:05.718212,enact,49,featured_storage,worker3,1024
2025-07-14 16:25:05.718259,enact,49,featured_gpu,m2,0
2025-07-14 16:25:05.718261,enact,49,featured_gpu,main,0
2025-07-14 16:25:05.718263,enact,49,featured_gpu,worker1,0
2025-07-14 16:25:05.718265,enact,49,featured_gpu,worker2,0
2025-07-14 16:25:05.718266,enact,49,featured_gpu,worker3,0
2025-07-14 16:25:05.731684,enact,50,featured_carbon,m2,200
2025-07-14 16:25:05.731688,enact,50,featured_carbon,main,402
2025-07-14 16:25:05.731690,enact,50,featured_carbon,worker1,340
2025-07-14 16:25:05.731691,enact,50,featured_carbon,worker2,360
2025-07-14 16:25:05.731693,enact,50,featured_carbon,worker3,360
2025-07-14 16:25:05.732216,enact,50,featured_cpu,m2,7
2025-07-14 16:25:05.732218,enact,50,featured_cpu,main,7
2025-07-14 16:25:05.732220,enact,50,featured_cpu,worker1,7
2025-07-14 16:25:05.732221,enact,50,featured_cpu,worker2,7
2025-07-14 16:25:05.732223,enact,50,featured_cpu,worker3,7
2025-07-14 16:25:05.732280,enact,50,featured_ram,m2,8
2025-07-14 16:25:05.732283,enact,50,featured_ram,main,8
2025-07-14 16:25:05.732284,enact,50,featured_ram,worker1,8
2025-07-14 16:25:05.732286,enact,50,featured_ram,worker2,8
2025-07-14 16:25:05.732288,enact,50,featured_ram,worker3,8
2025-07-14 16:25:05.732366,enact,50,featured_storage,m2,512
2025-07-14 16:25:05.732369,enact,50,featured_storage,main,1024
2025-07-14 16:25:05.732370,enact,50,featured_storage,worker1,1024
2025-07-14 16:25:05.732372,enact,50,featured_storage,worker2,1024
2025-07-14 16:25:05.732374,enact,50,featured_storage,worker3,1024
2025-07-14 16:25:05.732426,enact,50,featured_gpu,m2,0
2025-07-14 16:25:05.732428,enact,50,featured_gpu,main,0
2025-07-14 16:25:05.732430,enact,50,featured_gpu,worker1,0
2025-07-14 16:25:05.732432,enact,50,featured_gpu,worker2,0
2025-07-14 16:25:05.732433,enact,50,featured_gpu,worker3,0
2025-07-14 16:25:05.745841,enact,51,featured_carbon,m2,200
2025-07-14 16:25:05.745844,enact,51,featured_carbon,main,402
2025-07-14 16:25:05.745845,enact,51,featured_carbon,worker1,340
2025-07-14 16:25:05.745847,enact,51,featured_carbon,worker2,360
2025-07-14 16:25:05.745849,enact,51,featured_carbon,worker3,360
2025-07-14 16:25:05.746346,enact,51,featured_cpu,m2,7
2025-07-14 16:25:05.746349,enact,51,featured_cpu,main,7
2025-07-14 16:25:05.746350,enact,51,featured_cpu,worker1,7
2025-07-14 16:25:05.746352,enact,51,featured_cpu,worker2,7
2025-07-14 16:25:05.746353,enact,51,featured_cpu,worker3,7
2025-07-14 16:25:05.746432,enact,51,featured_ram,m2,8
2025-07-14 16:25:05.746434,enact,51,featured_ram,main,8
2025-07-14 16:25:05.746436,enact,51,featured_ram,worker1,8
2025-07-14 16:25:05.746437,enact,51,featured_ram,worker2,8
2025-07-14 16:25:05.746439,enact,51,featured_ram,worker3,8
2025-07-14 16:25:05.746495,enact,51,featured_storage,m2,512
2025-07-14 16:25:05.746500,enact,51,featured_storage,main,1024
2025-07-14 16:25:05.746502,enact,51,featured_storage,worker1,1024
2025-07-14 16:25:05.746504,enact,51,featured_storage,worker2,1024
2025-07-14 16:25:05.746505,enact,51,featured_storage,worker3,1024
2025-07-14 16:25:05.746573,enact,51,featured_gpu,m2,0
2025-07-14 16:25:05.746576,enact,51,featured_gpu,main,0
2025-07-14 16:25:05.746577,enact,51,featured_gpu,worker1,0
2025-07-14 16:25:05.746579,enact,51,featured_gpu,worker2,0
2025-07-14 16:25:05.746581,enact,51,featured_gpu,worker3,0
2025-07-14 16:25:05.759978,enact,52,featured_carbon,m2,200
2025-07-14 16:25:05.759980,enact,52,featured_carbon,main,402
2025-07-14 16:25:05.759982,enact,52,featured_carbon,worker1,340
2025-07-14 16:25:05.759984,enact,52,featured_carbon,worker2,360
2025-07-14 16:25:05.759985,enact,52,featured_carbon,worker3,360
2025-07-14 16:25:05.760526,enact,52,featured_cpu,m2,7
2025-07-14 16:25:05.760531,enact,52,featured_cpu,main,7
2025-07-14 16:25:05.760532,enact,52,featured_cpu,worker1,7
2025-07-14 16:25:05.760534,enact,52,featured_cpu,worker2,7
2025-07-14 16:25:05.760536,enact,52,featured_cpu,worker3,7
2025-07-14 16:25:05.760607,enact,52,featured_ram,m2,8
2025-07-14 16:25:05.760610,enact,52,featured_ram,main,8
2025-07-14 16:25:05.760612,enact,52,featured_ram,worker1,8
2025-07-14 16:25:05.760613,enact,52,featured_ram,worker2,8
2025-07-14 16:25:05.760615,enact,52,featured_ram,worker3,8
2025-07-14 16:25:05.760678,enact,52,featured_storage,m2,512
2025-07-14 16:25:05.760681,enact,52,featured_storage,main,1024
2025-07-14 16:25:05.760683,enact,52,featured_storage,worker1,1024
2025-07-14 16:25:05.760684,enact,52,featured_storage,worker2,1024
2025-07-14 16:25:05.760686,enact,52,featured_storage,worker3,1024
2025-07-14 16:25:05.760746,enact,52,featured_gpu,m2,0
2025-07-14 16:25:05.760748,enact,52,featured_gpu,main,0
2025-07-14 16:25:05.760750,enact,52,featured_gpu,worker1,0
2025-07-14 16:25:05.760751,enact,52,featured_gpu,worker2,0
2025-07-14 16:25:05.760753,enact,52,featured_gpu,worker3,0
2025-07-14 16:25:05.774447,enact,53,featured_carbon,m2,200
2025-07-14 16:25:05.774450,enact,53,featured_carbon,main,402
2025-07-14 16:25:05.774451,enact,53,featured_carbon,worker1,340
2025-07-14 16:25:05.774453,enact,53,featured_carbon,worker2,360
2025-07-14 16:25:05.774454,enact,53,featured_carbon,worker3,360
2025-07-14 16:25:05.775096,enact,53,featured_cpu,m2,7
2025-07-14 16:25:05.775100,enact,53,featured_cpu,main,7
2025-07-14 16:25:05.775102,enact,53,featured_cpu,worker1,7
2025-07-14 16:25:05.775104,enact,53,featured_cpu,worker2,7
2025-07-14 16:25:05.775105,enact,53,featured_cpu,worker3,7
2025-07-14 16:25:05.775196,enact,53,featured_ram,m2,8
2025-07-14 16:25:05.775199,enact,53,featured_ram,main,8
2025-07-14 16:25:05.775200,enact,53,featured_ram,worker1,8
2025-07-14 16:25:05.775202,enact,53,featured_ram,worker2,8
2025-07-14 16:25:05.775203,enact,53,featured_ram,worker3,8
2025-07-14 16:25:05.775268,enact,53,featured_storage,m2,512
2025-07-14 16:25:05.775270,enact,53,featured_storage,main,1024
2025-07-14 16:25:05.775272,enact,53,featured_storage,worker1,1024
2025-07-14 16:25:05.775273,enact,53,featured_storage,worker2,1024
2025-07-14 16:25:05.775275,enact,53,featured_storage,worker3,1024
2025-07-14 16:25:05.775335,enact,53,featured_gpu,m2,0
2025-07-14 16:25:05.775338,enact,53,featured_gpu,main,0
2025-07-14 16:25:05.775339,enact,53,featured_gpu,worker1,0
2025-07-14 16:25:05.775341,enact,53,featured_gpu,worker2,0
2025-07-14 16:25:05.775343,enact,53,featured_gpu,worker3,0
2025-07-14 16:25:05.789453,enact,54,featured_carbon,m2,200
2025-07-14 16:25:05.789456,enact,54,featured_carbon,main,402
2025-07-14 16:25:05.789457,enact,54,featured_carbon,worker1,340
2025-07-14 16:25:05.789459,enact,54,featured_carbon,worker2,360
2025-07-14 16:25:05.789461,enact,54,featured_carbon,worker3,360
2025-07-14 16:25:05.790043,enact,54,featured_cpu,m2,7
2025-07-14 16:25:05.790046,enact,54,featured_cpu,main,7
2025-07-14 16:25:05.790048,enact,54,featured_cpu,worker1,7
2025-07-14 16:25:05.790050,enact,54,featured_cpu,worker2,7
2025-07-14 16:25:05.790051,enact,54,featured_cpu,worker3,7
2025-07-14 16:25:05.790158,enact,54,featured_ram,m2,8
2025-07-14 16:25:05.790162,enact,54,featured_ram,main,8
2025-07-14 16:25:05.790164,enact,54,featured_ram,worker1,8
2025-07-14 16:25:05.790166,enact,54,featured_ram,worker2,8
2025-07-14 16:25:05.790167,enact,54,featured_ram,worker3,8
2025-07-14 16:25:05.790253,enact,54,featured_storage,m2,512
2025-07-14 16:25:05.790256,enact,54,featured_storage,main,1024
2025-07-14 16:25:05.790258,enact,54,featured_storage,worker1,1024
2025-07-14 16:25:05.790260,enact,54,featured_storage,worker2,1024
2025-07-14 16:25:05.790262,enact,54,featured_storage,worker3,1024
2025-07-14 16:25:05.790357,enact,54,featured_gpu,m2,0
2025-07-14 16:25:05.790359,enact,54,featured_gpu,main,0
2025-07-14 16:25:05.790361,enact,54,featured_gpu,worker1,0
2025-07-14 16:25:05.790363,enact,54,featured_gpu,worker2,0
2025-07-14 16:25:05.790364,enact,54,featured_gpu,worker3,0
2025-07-14 16:25:05.803749,enact,55,featured_carbon,m2,200
2025-07-14 16:25:05.803751,enact,55,featured_carbon,main,402
2025-07-14 16:25:05.803753,enact,55,featured_carbon,worker1,340
2025-07-14 16:25:05.803755,enact,55,featured_carbon,worker2,360
2025-07-14 16:25:05.803756,enact,55,featured_carbon,worker3,360
2025-07-14 16:25:05.804344,enact,55,featured_cpu,m2,7
2025-07-14 16:25:05.804346,enact,55,featured_cpu,main,7
2025-07-14 16:25:05.804348,enact,55,featured_cpu,worker1,7
2025-07-14 16:25:05.804349,enact,55,featured_cpu,worker2,7
2025-07-14 16:25:05.804351,enact,55,featured_cpu,worker3,7
2025-07-14 16:25:05.804420,enact,55,featured_ram,m2,8
2025-07-14 16:25:05.804423,enact,55,featured_ram,main,8
2025-07-14 16:25:05.804425,enact,55,featured_ram,worker1,8
2025-07-14 16:25:05.804426,enact,55,featured_ram,worker2,8
2025-07-14 16:25:05.804428,enact,55,featured_ram,worker3,8
2025-07-14 16:25:05.804500,enact,55,featured_storage,m2,512
2025-07-14 16:25:05.804503,enact,55,featured_storage,main,1024
2025-07-14 16:25:05.804505,enact,55,featured_storage,worker1,1024
2025-07-14 16:25:05.804506,enact,55,featured_storage,worker2,1024
2025-07-14 16:25:05.804508,enact,55,featured_storage,worker3,1024
2025-07-14 16:25:05.804576,enact,55,featured_gpu,m2,0
2025-07-14 16:25:05.804579,enact,55,featured_gpu,main,0
2025-07-14 16:25:05.804581,enact,55,featured_gpu,worker1,0
2025-07-14 16:25:05.804582,enact,55,featured_gpu,worker2,0
2025-07-14 16:25:05.804584,enact,55,featured_gpu,worker3,0
2025-07-14 16:25:05.818695,enact,56,featured_carbon,m2,200
2025-07-14 16:25:05.818697,enact,56,featured_carbon,main,402
2025-07-14 16:25:05.818699,enact,56,featured_carbon,worker1,340
2025-07-14 16:25:05.818700,enact,56,featured_carbon,worker2,360
2025-07-14 16:25:05.818702,enact,56,featured_carbon,worker3,360
2025-07-14 16:25:05.819213,enact,56,featured_cpu,m2,7
2025-07-14 16:25:05.819215,enact,56,featured_cpu,main,7
2025-07-14 16:25:05.819217,enact,56,featured_cpu,worker1,7
2025-07-14 16:25:05.819219,enact,56,featured_cpu,worker2,7
2025-07-14 16:25:05.819220,enact,56,featured_cpu,worker3,7
2025-07-14 16:25:05.819278,enact,56,featured_ram,m2,8
2025-07-14 16:25:05.819281,enact,56,featured_ram,main,8
2025-07-14 16:25:05.819283,enact,56,featured_ram,worker1,8
2025-07-14 16:25:05.819284,enact,56,featured_ram,worker2,8
2025-07-14 16:25:05.819286,enact,56,featured_ram,worker3,8
2025-07-14 16:25:05.819349,enact,56,featured_storage,m2,512
2025-07-14 16:25:05.819351,enact,56,featured_storage,main,1024
2025-07-14 16:25:05.819353,enact,56,featured_storage,worker1,1024
2025-07-14 16:25:05.819355,enact,56,featured_storage,worker2,1024
2025-07-14 16:25:05.819356,enact,56,featured_storage,worker3,1024
2025-07-14 16:25:05.819413,enact,56,featured_gpu,m2,0
2025-07-14 16:25:05.819415,enact,56,featured_gpu,main,0
2025-07-14 16:25:05.819417,enact,56,featured_gpu,worker1,0
2025-07-14 16:25:05.819418,enact,56,featured_gpu,worker2,0
2025-07-14 16:25:05.819420,enact,56,featured_gpu,worker3,0
2025-07-14 16:25:05.833498,enact,57,featured_carbon,m2,200
2025-07-14 16:25:05.833501,enact,57,featured_carbon,main,402
2025-07-14 16:25:05.833503,enact,57,featured_carbon,worker1,340
2025-07-14 16:25:05.833505,enact,57,featured_carbon,worker2,360
2025-07-14 16:25:05.833506,enact,57,featured_carbon,worker3,360
2025-07-14 16:25:05.833994,enact,57,featured_cpu,m2,7
2025-07-14 16:25:05.833996,enact,57,featured_cpu,main,7
2025-07-14 16:25:05.833998,enact,57,featured_cpu,worker1,7
2025-07-14 16:25:05.833999,enact,57,featured_cpu,worker2,7
2025-07-14 16:25:05.834001,enact,57,featured_cpu,worker3,7
2025-07-14 16:25:05.834069,enact,57,featured_ram,m2,8
2025-07-14 16:25:05.834072,enact,57,featured_ram,main,8
2025-07-14 16:25:05.834073,enact,57,featured_ram,worker1,8
2025-07-14 16:25:05.834075,enact,57,featured_ram,worker2,8
2025-07-14 16:25:05.834077,enact,57,featured_ram,worker3,8
2025-07-14 16:25:05.834127,enact,57,featured_storage,m2,512
2025-07-14 16:25:05.834130,enact,57,featured_storage,main,1024
2025-07-14 16:25:05.834131,enact,57,featured_storage,worker1,1024
2025-07-14 16:25:05.834133,enact,57,featured_storage,worker2,1024
2025-07-14 16:25:05.834135,enact,57,featured_storage,worker3,1024
2025-07-14 16:25:05.834188,enact,57,featured_gpu,m2,0
2025-07-14 16:25:05.834191,enact,57,featured_gpu,main,0
2025-07-14 16:25:05.834192,enact,57,featured_gpu,worker1,0
2025-07-14 16:25:05.834194,enact,57,featured_gpu,worker2,0
2025-07-14 16:25:05.834195,enact,57,featured_gpu,worker3,0
2025-07-14 16:25:05.848519,enact,58,featured_carbon,m2,200
2025-07-14 16:25:05.848521,enact,58,featured_carbon,main,402
2025-07-14 16:25:05.848523,enact,58,featured_carbon,worker1,340
2025-07-14 16:25:05.848525,enact,58,featured_carbon,worker2,360
2025-07-14 16:25:05.848527,enact,58,featured_carbon,worker3,360
2025-07-14 16:25:05.849038,enact,58,featured_cpu,m2,7
2025-07-14 16:25:05.849041,enact,58,featured_cpu,main,7
2025-07-14 16:25:05.849042,enact,58,featured_cpu,worker1,7
2025-07-14 16:25:05.849044,enact,58,featured_cpu,worker2,7
2025-07-14 16:25:05.849046,enact,58,featured_cpu,worker3,7
2025-07-14 16:25:05.849094,enact,58,featured_ram,m2,8
2025-07-14 16:25:05.849096,enact,58,featured_ram,main,8
2025-07-14 16:25:05.849098,enact,58,featured_ram,worker1,8
2025-07-14 16:25:05.849099,enact,58,featured_ram,worker2,8
2025-07-14 16:25:05.849101,enact,58,featured_ram,worker3,8
2025-07-14 16:25:05.849167,enact,58,featured_storage,m2,512
2025-07-14 16:25:05.849171,enact,58,featured_storage,main,1024
2025-07-14 16:25:05.849172,enact,58,featured_storage,worker1,1024
2025-07-14 16:25:05.849175,enact,58,featured_storage,worker2,1024
2025-07-14 16:25:05.849176,enact,58,featured_storage,worker3,1024
2025-07-14 16:25:05.849244,enact,58,featured_gpu,m2,0
2025-07-14 16:25:05.849246,enact,58,featured_gpu,main,0
2025-07-14 16:25:05.849248,enact,58,featured_gpu,worker1,0
2025-07-14 16:25:05.849249,enact,58,featured_gpu,worker2,0
2025-07-14 16:25:05.849251,enact,58,featured_gpu,worker3,0
2025-07-14 16:25:05.862612,enact,59,featured_carbon,m2,200
2025-07-14 16:25:05.862615,enact,59,featured_carbon,main,402
2025-07-14 16:25:05.862617,enact,59,featured_carbon,worker1,340
2025-07-14 16:25:05.862618,enact,59,featured_carbon,worker2,360
2025-07-14 16:25:05.862620,enact,59,featured_carbon,worker3,360
2025-07-14 16:25:05.863167,enact,59,featured_cpu,m2,7
2025-07-14 16:25:05.863169,enact,59,featured_cpu,main,7
2025-07-14 16:25:05.863171,enact,59,featured_cpu,worker1,7
2025-07-14 16:25:05.863172,enact,59,featured_cpu,worker2,7
2025-07-14 16:25:05.863174,enact,59,featured_cpu,worker3,7
2025-07-14 16:25:05.863222,enact,59,featured_ram,m2,8
2025-07-14 16:25:05.863224,enact,59,featured_ram,main,8
2025-07-14 16:25:05.863226,enact,59,featured_ram,worker1,8
2025-07-14 16:25:05.863227,enact,59,featured_ram,worker2,8
2025-07-14 16:25:05.863229,enact,59,featured_ram,worker3,8
2025-07-14 16:25:05.863280,enact,59,featured_storage,m2,512
2025-07-14 16:25:05.863283,enact,59,featured_storage,main,1024
2025-07-14 16:25:05.863284,enact,59,featured_storage,worker1,1024
2025-07-14 16:25:05.863286,enact,59,featured_storage,worker2,1024
2025-07-14 16:25:05.863288,enact,59,featured_storage,worker3,1024
2025-07-14 16:25:05.863343,enact,59,featured_gpu,m2,0
2025-07-14 16:25:05.863345,enact,59,featured_gpu,main,0
2025-07-14 16:25:05.863347,enact,59,featured_gpu,worker1,0
2025-07-14 16:25:05.863348,enact,59,featured_gpu,worker2,0
2025-07-14 16:25:05.863350,enact,59,featured_gpu,worker3,0
2025-07-14 16:25:05.877536,enact,60,featured_carbon,m2,200
2025-07-14 16:25:05.877540,enact,60,featured_carbon,main,402
2025-07-14 16:25:05.877542,enact,60,featured_carbon,worker1,340
2025-07-14 16:25:05.877543,enact,60,featured_carbon,worker2,360
2025-07-14 16:25:05.877545,enact,60,featured_carbon,worker3,360
2025-07-14 16:25:05.878113,enact,60,featured_cpu,m2,7
2025-07-14 16:25:05.878116,enact,60,featured_cpu,main,7
2025-07-14 16:25:05.878117,enact,60,featured_cpu,worker1,7
2025-07-14 16:25:05.878119,enact,60,featured_cpu,worker2,7
2025-07-14 16:25:05.878120,enact,60,featured_cpu,worker3,7
2025-07-14 16:25:05.878184,enact,60,featured_ram,m2,8
2025-07-14 16:25:05.878186,enact,60,featured_ram,main,8
2025-07-14 16:25:05.878188,enact,60,featured_ram,worker1,8
2025-07-14 16:25:05.878189,enact,60,featured_ram,worker2,8
2025-07-14 16:25:05.878191,enact,60,featured_ram,worker3,8
2025-07-14 16:25:05.878247,enact,60,featured_storage,m2,512
2025-07-14 16:25:05.878249,enact,60,featured_storage,main,1024
2025-07-14 16:25:05.878251,enact,60,featured_storage,worker1,1024
2025-07-14 16:25:05.878252,enact,60,featured_storage,worker2,1024
2025-07-14 16:25:05.878254,enact,60,featured_storage,worker3,1024
2025-07-14 16:25:05.878317,enact,60,featured_gpu,m2,0
2025-07-14 16:25:05.878320,enact,60,featured_gpu,main,0
2025-07-14 16:25:05.878322,enact,60,featured_gpu,worker1,0
2025-07-14 16:25:05.878323,enact,60,featured_gpu,worker2,0
2025-07-14 16:25:05.878325,enact,60,featured_gpu,worker3,0
2025-07-14 16:25:05.892716,enact,61,featured_carbon,m2,200
2025-07-14 16:25:05.892718,enact,61,featured_carbon,main,402
2025-07-14 16:25:05.892720,enact,61,featured_carbon,worker1,340
2025-07-14 16:25:05.892722,enact,61,featured_carbon,worker2,360
2025-07-14 16:25:05.892723,enact,61,featured_carbon,worker3,360
2025-07-14 16:25:05.893232,enact,61,featured_cpu,m2,7
2025-07-14 16:25:05.893235,enact,61,featured_cpu,main,7
2025-07-14 16:25:05.893236,enact,61,featured_cpu,worker1,7
2025-07-14 16:25:05.893238,enact,61,featured_cpu,worker2,7
2025-07-14 16:25:05.893240,enact,61,featured_cpu,worker3,7
2025-07-14 16:25:05.893314,enact,61,featured_ram,m2,8
2025-07-14 16:25:05.893317,enact,61,featured_ram,main,8
2025-07-14 16:25:05.893318,enact,61,featured_ram,worker1,8
2025-07-14 16:25:05.893320,enact,61,featured_ram,worker2,8
2025-07-14 16:25:05.893322,enact,61,featured_ram,worker3,8
2025-07-14 16:25:05.893399,enact,61,featured_storage,m2,512
2025-07-14 16:25:05.893402,enact,61,featured_storage,main,1024
2025-07-14 16:25:05.893403,enact,61,featured_storage,worker1,1024
2025-07-14 16:25:05.893405,enact,61,featured_storage,worker2,1024
2025-07-14 16:25:05.893407,enact,61,featured_storage,worker3,1024
2025-07-14 16:25:05.893464,enact,61,featured_gpu,m2,0
2025-07-14 16:25:05.893466,enact,61,featured_gpu,main,0
2025-07-14 16:25:05.893468,enact,61,featured_gpu,worker1,0
2025-07-14 16:25:05.893469,enact,61,featured_gpu,worker2,0
2025-07-14 16:25:05.893471,enact,61,featured_gpu,worker3,0
2025-07-14 16:25:05.907497,enact,62,featured_carbon,m2,200
2025-07-14 16:25:05.907501,enact,62,featured_carbon,main,402
2025-07-14 16:25:05.907503,enact,62,featured_carbon,worker1,340
2025-07-14 16:25:05.907505,enact,62,featured_carbon,worker2,360
2025-07-14 16:25:05.907506,enact,62,featured_carbon,worker3,360
2025-07-14 16:25:05.908233,enact,62,featured_cpu,m2,7
2025-07-14 16:25:05.908236,enact,62,featured_cpu,main,7
2025-07-14 16:25:05.908238,enact,62,featured_cpu,worker1,7
2025-07-14 16:25:05.908239,enact,62,featured_cpu,worker2,7
2025-07-14 16:25:05.908241,enact,62,featured_cpu,worker3,7
2025-07-14 16:25:05.908405,enact,62,featured_ram,m2,8
2025-07-14 16:25:05.908410,enact,62,featured_ram,main,8
2025-07-14 16:25:05.908412,enact,62,featured_ram,worker1,8
2025-07-14 16:25:05.908414,enact,62,featured_ram,worker2,8
2025-07-14 16:25:05.908441,enact,62,featured_ram,worker3,8
2025-07-14 16:25:05.908509,enact,62,featured_storage,m2,512
2025-07-14 16:25:05.908512,enact,62,featured_storage,main,1024
2025-07-14 16:25:05.908513,enact,62,featured_storage,worker1,1024
2025-07-14 16:25:05.908515,enact,62,featured_storage,worker2,1024
2025-07-14 16:25:05.908517,enact,62,featured_storage,worker3,1024
2025-07-14 16:25:05.908596,enact,62,featured_gpu,m2,0
2025-07-14 16:25:05.908600,enact,62,featured_gpu,main,0
2025-07-14 16:25:05.908601,enact,62,featured_gpu,worker1,0
2025-07-14 16:25:05.908603,enact,62,featured_gpu,worker2,0
2025-07-14 16:25:05.908605,enact,62,featured_gpu,worker3,0
2025-07-14 16:25:05.922608,enact,63,featured_carbon,m2,200
2025-07-14 16:25:05.922611,enact,63,featured_carbon,main,402
2025-07-14 16:25:05.922612,enact,63,featured_carbon,worker1,340
2025-07-14 16:25:05.922614,enact,63,featured_carbon,worker2,360
2025-07-14 16:25:05.922616,enact,63,featured_carbon,worker3,360
2025-07-14 16:25:05.923182,enact,63,featured_cpu,m2,7
2025-07-14 16:25:05.923185,enact,63,featured_cpu,main,7
2025-07-14 16:25:05.923186,enact,63,featured_cpu,worker1,7
2025-07-14 16:25:05.923188,enact,63,featured_cpu,worker2,7
2025-07-14 16:25:05.923190,enact,63,featured_cpu,worker3,7
2025-07-14 16:25:05.923241,enact,63,featured_ram,m2,8
2025-07-14 16:25:05.923243,enact,63,featured_ram,main,8
2025-07-14 16:25:05.923245,enact,63,featured_ram,worker1,8
2025-07-14 16:25:05.923246,enact,63,featured_ram,worker2,8
2025-07-14 16:25:05.923248,enact,63,featured_ram,worker3,8
2025-07-14 16:25:05.923307,enact,63,featured_storage,m2,512
2025-07-14 16:25:05.923309,enact,63,featured_storage,main,1024
2025-07-14 16:25:05.923311,enact,63,featured_storage,worker1,1024
2025-07-14 16:25:05.923313,enact,63,featured_storage,worker2,1024
2025-07-14 16:25:05.923314,enact,63,featured_storage,worker3,1024
2025-07-14 16:25:05.923360,enact,63,featured_gpu,m2,0
2025-07-14 16:25:05.923362,enact,63,featured_gpu,main,0
2025-07-14 16:25:05.923364,enact,63,featured_gpu,worker1,0
2025-07-14 16:25:05.923366,enact,63,featured_gpu,worker2,0
2025-07-14 16:25:05.923367,enact,63,featured_gpu,worker3,0
2025-07-14 16:25:05.937816,enact,64,featured_carbon,m2,200
2025-07-14 16:25:05.937818,enact,64,featured_carbon,main,402
2025-07-14 16:25:05.937820,enact,64,featured_carbon,worker1,340
2025-07-14 16:25:05.937822,enact,64,featured_carbon,worker2,360
2025-07-14 16:25:05.937823,enact,64,featured_carbon,worker3,360
2025-07-14 16:25:05.938362,enact,64,featured_cpu,m2,7
2025-07-14 16:25:05.938365,enact,64,featured_cpu,main,7
2025-07-14 16:25:05.938367,enact,64,featured_cpu,worker1,7
2025-07-14 16:25:05.938368,enact,64,featured_cpu,worker2,7
2025-07-14 16:25:05.938370,enact,64,featured_cpu,worker3,7
2025-07-14 16:25:05.938435,enact,64,featured_ram,m2,8
2025-07-14 16:25:05.938437,enact,64,featured_ram,main,8
2025-07-14 16:25:05.938439,enact,64,featured_ram,worker1,8
2025-07-14 16:25:05.938441,enact,64,featured_ram,worker2,8
2025-07-14 16:25:05.938442,enact,64,featured_ram,worker3,8
2025-07-14 16:25:05.938500,enact,64,featured_storage,m2,512
2025-07-14 16:25:05.938502,enact,64,featured_storage,main,1024
2025-07-14 16:25:05.938504,enact,64,featured_storage,worker1,1024
2025-07-14 16:25:05.938506,enact,64,featured_storage,worker2,1024
2025-07-14 16:25:05.938507,enact,64,featured_storage,worker3,1024
2025-07-14 16:25:05.938564,enact,64,featured_gpu,m2,0
2025-07-14 16:25:05.938566,enact,64,featured_gpu,main,0
2025-07-14 16:25:05.938568,enact,64,featured_gpu,worker1,0
2025-07-14 16:25:05.938569,enact,64,featured_gpu,worker2,0
2025-07-14 16:25:05.938571,enact,64,featured_gpu,worker3,0
2025-07-14 16:25:05.952937,enact,65,featured_carbon,m2,200
2025-07-14 16:25:05.952941,enact,65,featured_carbon,main,402
2025-07-14 16:25:05.952943,enact,65,featured_carbon,worker1,340
2025-07-14 16:25:05.952945,enact,65,featured_carbon,worker2,360
2025-07-14 16:25:05.952946,enact,65,featured_carbon,worker3,360
2025-07-14 16:25:05.953513,enact,65,featured_cpu,m2,7
2025-07-14 16:25:05.953515,enact,65,featured_cpu,main,7
2025-07-14 16:25:05.953517,enact,65,featured_cpu,worker1,7
2025-07-14 16:25:05.953518,enact,65,featured_cpu,worker2,7
2025-07-14 16:25:05.953520,enact,65,featured_cpu,worker3,7
2025-07-14 16:25:05.953592,enact,65,featured_ram,m2,8
2025-07-14 16:25:05.953595,enact,65,featured_ram,main,8
2025-07-14 16:25:05.953598,enact,65,featured_ram,worker1,8
2025-07-14 16:25:05.953599,enact,65,featured_ram,worker2,8
2025-07-14 16:25:05.953601,enact,65,featured_ram,worker3,8
2025-07-14 16:25:05.953670,enact,65,featured_storage,m2,512
2025-07-14 16:25:05.953673,enact,65,featured_storage,main,1024
2025-07-14 16:25:05.953674,enact,65,featured_storage,worker1,1024
2025-07-14 16:25:05.953676,enact,65,featured_storage,worker2,1024
2025-07-14 16:25:05.953678,enact,65,featured_storage,worker3,1024
2025-07-14 16:25:05.953730,enact,65,featured_gpu,m2,0
2025-07-14 16:25:05.953732,enact,65,featured_gpu,main,0
2025-07-14 16:25:05.953734,enact,65,featured_gpu,worker1,0
2025-07-14 16:25:05.953736,enact,65,featured_gpu,worker2,0
2025-07-14 16:25:05.953737,enact,65,featured_gpu,worker3,0
2025-07-14 16:25:05.967146,enact,66,featured_carbon,m2,200
2025-07-14 16:25:05.967148,enact,66,featured_carbon,main,402
2025-07-14 16:25:05.967150,enact,66,featured_carbon,worker1,340
2025-07-14 16:25:05.967152,enact,66,featured_carbon,worker2,360
2025-07-14 16:25:05.967153,enact,66,featured_carbon,worker3,360
2025-07-14 16:25:05.967645,enact,66,featured_cpu,m2,7
2025-07-14 16:25:05.967647,enact,66,featured_cpu,main,7
2025-07-14 16:25:05.967649,enact,66,featured_cpu,worker1,7
2025-07-14 16:25:05.967651,enact,66,featured_cpu,worker2,7
2025-07-14 16:25:05.967652,enact,66,featured_cpu,worker3,7
2025-07-14 16:25:05.967713,enact,66,featured_ram,m2,8
2025-07-14 16:25:05.967716,enact,66,featured_ram,main,8
2025-07-14 16:25:05.967717,enact,66,featured_ram,worker1,8
2025-07-14 16:25:05.967719,enact,66,featured_ram,worker2,8
2025-07-14 16:25:05.967720,enact,66,featured_ram,worker3,8
2025-07-14 16:25:05.967799,enact,66,featured_storage,m2,512
2025-07-14 16:25:05.967803,enact,66,featured_storage,main,1024
2025-07-14 16:25:05.967805,enact,66,featured_storage,worker1,1024
2025-07-14 16:25:05.967807,enact,66,featured_storage,worker2,1024
2025-07-14 16:25:05.967809,enact,66,featured_storage,worker3,1024
2025-07-14 16:25:05.967898,enact,66,featured_gpu,m2,0
2025-07-14 16:25:05.967901,enact,66,featured_gpu,main,0
2025-07-14 16:25:05.967902,enact,66,featured_gpu,worker1,0
2025-07-14 16:25:05.967904,enact,66,featured_gpu,worker2,0
2025-07-14 16:25:05.967905,enact,66,featured_gpu,worker3,0
2025-07-14 16:25:05.981429,enact,67,featured_carbon,m2,200
2025-07-14 16:25:05.981432,enact,67,featured_carbon,main,402
2025-07-14 16:25:05.981433,enact,67,featured_carbon,worker1,340
2025-07-14 16:25:05.981435,enact,67,featured_carbon,worker2,360
2025-07-14 16:25:05.981437,enact,67,featured_carbon,worker3,360
2025-07-14 16:25:05.981949,enact,67,featured_cpu,m2,7
2025-07-14 16:25:05.981952,enact,67,featured_cpu,main,7
2025-07-14 16:25:05.981953,enact,67,featured_cpu,worker1,7
2025-07-14 16:25:05.981955,enact,67,featured_cpu,worker2,7
2025-07-14 16:25:05.981957,enact,67,featured_cpu,worker3,7
2025-07-14 16:25:05.982011,enact,67,featured_ram,m2,8
2025-07-14 16:25:05.982013,enact,67,featured_ram,main,8
2025-07-14 16:25:05.982015,enact,67,featured_ram,worker1,8
2025-07-14 16:25:05.982017,enact,67,featured_ram,worker2,8
2025-07-14 16:25:05.982019,enact,67,featured_ram,worker3,8
2025-07-14 16:25:05.982061,enact,67,featured_storage,m2,512
2025-07-14 16:25:05.982064,enact,67,featured_storage,main,1024
2025-07-14 16:25:05.982066,enact,67,featured_storage,worker1,1024
2025-07-14 16:25:05.982067,enact,67,featured_storage,worker2,1024
2025-07-14 16:25:05.982069,enact,67,featured_storage,worker3,1024
2025-07-14 16:25:05.982114,enact,67,featured_gpu,m2,0
2025-07-14 16:25:05.982116,enact,67,featured_gpu,main,0
2025-07-14 16:25:05.982117,enact,67,featured_gpu,worker1,0
2025-07-14 16:25:05.982119,enact,67,featured_gpu,worker2,0
2025-07-14 16:25:05.982120,enact,67,featured_gpu,worker3,0
2025-07-14 16:25:05.995311,enact,68,featured_carbon,m2,200
2025-07-14 16:25:05.995313,enact,68,featured_carbon,main,402
2025-07-14 16:25:05.995315,enact,68,featured_carbon,worker1,340
2025-07-14 16:25:05.995317,enact,68,featured_carbon,worker2,360
2025-07-14 16:25:05.995318,enact,68,featured_carbon,worker3,360
2025-07-14 16:25:05.995833,enact,68,featured_cpu,m2,7
2025-07-14 16:25:05.995836,enact,68,featured_cpu,main,7
2025-07-14 16:25:05.995837,enact,68,featured_cpu,worker1,7
2025-07-14 16:25:05.995839,enact,68,featured_cpu,worker2,7
2025-07-14 16:25:05.995841,enact,68,featured_cpu,worker3,7
2025-07-14 16:25:05.995888,enact,68,featured_ram,m2,8
2025-07-14 16:25:05.995890,enact,68,featured_ram,main,8
2025-07-14 16:25:05.995892,enact,68,featured_ram,worker1,8
2025-07-14 16:25:05.995894,enact,68,featured_ram,worker2,8
2025-07-14 16:25:05.995895,enact,68,featured_ram,worker3,8
2025-07-14 16:25:05.995941,enact,68,featured_storage,m2,512
2025-07-14 16:25:05.995944,enact,68,featured_storage,main,1024
2025-07-14 16:25:05.995945,enact,68,featured_storage,worker1,1024
2025-07-14 16:25:05.995947,enact,68,featured_storage,worker2,1024
2025-07-14 16:25:05.995948,enact,68,featured_storage,worker3,1024
2025-07-14 16:25:05.995992,enact,68,featured_gpu,m2,0
2025-07-14 16:25:05.995994,enact,68,featured_gpu,main,0
2025-07-14 16:25:05.995996,enact,68,featured_gpu,worker1,0
2025-07-14 16:25:05.995998,enact,68,featured_gpu,worker2,0
2025-07-14 16:25:05.995999,enact,68,featured_gpu,worker3,0
2025-07-14 16:25:06.011675,enact,69,featured_carbon,m2,200
2025-07-14 16:25:06.011677,enact,69,featured_carbon,main,402
2025-07-14 16:25:06.011679,enact,69,featured_carbon,worker1,340
2025-07-14 16:25:06.011681,enact,69,featured_carbon,worker2,360
2025-07-14 16:25:06.011682,enact,69,featured_carbon,worker3,360
2025-07-14 16:25:06.012190,enact,69,featured_cpu,m2,7
2025-07-14 16:25:06.012192,enact,69,featured_cpu,main,7
2025-07-14 16:25:06.012194,enact,69,featured_cpu,worker1,7
2025-07-14 16:25:06.012196,enact,69,featured_cpu,worker2,7
2025-07-14 16:25:06.012197,enact,69,featured_cpu,worker3,7
2025-07-14 16:25:06.012258,enact,69,featured_ram,m2,8
2025-07-14 16:25:06.012260,enact,69,featured_ram,main,8
2025-07-14 16:25:06.012261,enact,69,featured_ram,worker1,8
2025-07-14 16:25:06.012263,enact,69,featured_ram,worker2,8
2025-07-14 16:25:06.012264,enact,69,featured_ram,worker3,8
2025-07-14 16:25:06.012309,enact,69,featured_storage,m2,512
2025-07-14 16:25:06.012311,enact,69,featured_storage,main,1024
2025-07-14 16:25:06.012313,enact,69,featured_storage,worker1,1024
2025-07-14 16:25:06.012315,enact,69,featured_storage,worker2,1024
2025-07-14 16:25:06.012316,enact,69,featured_storage,worker3,1024
2025-07-14 16:25:06.012422,enact,69,featured_gpu,m2,0
2025-07-14 16:25:06.012425,enact,69,featured_gpu,main,0
2025-07-14 16:25:06.012426,enact,69,featured_gpu,worker1,0
2025-07-14 16:25:06.012428,enact,69,featured_gpu,worker2,0
2025-07-14 16:25:06.012430,enact,69,featured_gpu,worker3,0
2025-07-14 16:25:06.026906,enact,70,featured_carbon,m2,200
2025-07-14 16:25:06.026909,enact,70,featured_carbon,main,402
2025-07-14 16:25:06.026911,enact,70,featured_carbon,worker1,340
2025-07-14 16:25:06.026913,enact,70,featured_carbon,worker2,360
2025-07-14 16:25:06.026914,enact,70,featured_carbon,worker3,360
2025-07-14 16:25:06.027423,enact,70,featured_cpu,m2,7
2025-07-14 16:25:06.027425,enact,70,featured_cpu,main,7
2025-07-14 16:25:06.027427,enact,70,featured_cpu,worker1,7
2025-07-14 16:25:06.027429,enact,70,featured_cpu,worker2,7
2025-07-14 16:25:06.027430,enact,70,featured_cpu,worker3,7
2025-07-14 16:25:06.027478,enact,70,featured_ram,m2,8
2025-07-14 16:25:06.027481,enact,70,featured_ram,main,8
2025-07-14 16:25:06.027482,enact,70,featured_ram,worker1,8
2025-07-14 16:25:06.027484,enact,70,featured_ram,worker2,8
2025-07-14 16:25:06.027485,enact,70,featured_ram,worker3,8
2025-07-14 16:25:06.027535,enact,70,featured_storage,m2,512
2025-07-14 16:25:06.027538,enact,70,featured_storage,main,1024
2025-07-14 16:25:06.027540,enact,70,featured_storage,worker1,1024
2025-07-14 16:25:06.027541,enact,70,featured_storage,worker2,1024
2025-07-14 16:25:06.027543,enact,70,featured_storage,worker3,1024
2025-07-14 16:25:06.027592,enact,70,featured_gpu,m2,0
2025-07-14 16:25:06.027594,enact,70,featured_gpu,main,0
2025-07-14 16:25:06.027595,enact,70,featured_gpu,worker1,0
2025-07-14 16:25:06.027597,enact,70,featured_gpu,worker2,0
2025-07-14 16:25:06.027598,enact,70,featured_gpu,worker3,0
2025-07-14 16:25:06.041676,enact,71,featured_carbon,m2,200
2025-07-14 16:25:06.041679,enact,71,featured_carbon,main,402
2025-07-14 16:25:06.041681,enact,71,featured_carbon,worker1,340
2025-07-14 16:25:06.041682,enact,71,featured_carbon,worker2,360
2025-07-14 16:25:06.041684,enact,71,featured_carbon,worker3,360
2025-07-14 16:25:06.042214,enact,71,featured_cpu,m2,7
2025-07-14 16:25:06.042222,enact,71,featured_cpu,main,7
2025-07-14 16:25:06.042224,enact,71,featured_cpu,worker1,7
2025-07-14 16:25:06.042226,enact,71,featured_cpu,worker2,7
2025-07-14 16:25:06.042228,enact,71,featured_cpu,worker3,7
2025-07-14 16:25:06.042305,enact,71,featured_ram,m2,8
2025-07-14 16:25:06.042307,enact,71,featured_ram,main,8
2025-07-14 16:25:06.042309,enact,71,featured_ram,worker1,8
2025-07-14 16:25:06.042310,enact,71,featured_ram,worker2,8
2025-07-14 16:25:06.042312,enact,71,featured_ram,worker3,8
2025-07-14 16:25:06.042411,enact,71,featured_storage,m2,512
2025-07-14 16:25:06.042415,enact,71,featured_storage,main,1024
2025-07-14 16:25:06.042418,enact,71,featured_storage,worker1,1024
2025-07-14 16:25:06.042426,enact,71,featured_storage,worker2,1024
2025-07-14 16:25:06.042430,enact,71,featured_storage,worker3,1024
2025-07-14 16:25:06.042537,enact,71,featured_gpu,m2,0
2025-07-14 16:25:06.042540,enact,71,featured_gpu,main,0
2025-07-14 16:25:06.042541,enact,71,featured_gpu,worker1,0
2025-07-14 16:25:06.042543,enact,71,featured_gpu,worker2,0
2025-07-14 16:25:06.042544,enact,71,featured_gpu,worker3,0
2025-07-14 16:25:06.056715,enact,72,featured_carbon,m2,200
2025-07-14 16:25:06.056717,enact,72,featured_carbon,main,402
2025-07-14 16:25:06.056719,enact,72,featured_carbon,worker1,340
2025-07-14 16:25:06.056720,enact,72,featured_carbon,worker2,360
2025-07-14 16:25:06.056722,enact,72,featured_carbon,worker3,360
2025-07-14 16:25:06.057163,enact,72,featured_cpu,m2,7
2025-07-14 16:25:06.057165,enact,72,featured_cpu,main,7
2025-07-14 16:25:06.057167,enact,72,featured_cpu,worker1,7
2025-07-14 16:25:06.057168,enact,72,featured_cpu,worker2,7
2025-07-14 16:25:06.057170,enact,72,featured_cpu,worker3,7
2025-07-14 16:25:06.057218,enact,72,featured_ram,m2,8
2025-07-14 16:25:06.057220,enact,72,featured_ram,main,8
2025-07-14 16:25:06.057222,enact,72,featured_ram,worker1,8
2025-07-14 16:25:06.057224,enact,72,featured_ram,worker2,8
2025-07-14 16:25:06.057225,enact,72,featured_ram,worker3,8
2025-07-14 16:25:06.057290,enact,72,featured_storage,m2,512
2025-07-14 16:25:06.057292,enact,72,featured_storage,main,1024
2025-07-14 16:25:06.057294,enact,72,featured_storage,worker1,1024
2025-07-14 16:25:06.057296,enact,72,featured_storage,worker2,1024
2025-07-14 16:25:06.057298,enact,72,featured_storage,worker3,1024
2025-07-14 16:25:06.057345,enact,72,featured_gpu,m2,0
2025-07-14 16:25:06.057347,enact,72,featured_gpu,main,0
2025-07-14 16:25:06.057349,enact,72,featured_gpu,worker1,0
2025-07-14 16:25:06.057350,enact,72,featured_gpu,worker2,0
2025-07-14 16:25:06.057352,enact,72,featured_gpu,worker3,0
2025-07-14 16:25:06.071664,enact,73,featured_carbon,m2,200
2025-07-14 16:25:06.071667,enact,73,featured_carbon,main,402
2025-07-14 16:25:06.071668,enact,73,featured_carbon,worker1,340
2025-07-14 16:25:06.071670,enact,73,featured_carbon,worker2,360
2025-07-14 16:25:06.071671,enact,73,featured_carbon,worker3,360
2025-07-14 16:25:06.072142,enact,73,featured_cpu,m2,7
2025-07-14 16:25:06.072144,enact,73,featured_cpu,main,7
2025-07-14 16:25:06.072146,enact,73,featured_cpu,worker1,7
2025-07-14 16:25:06.072147,enact,73,featured_cpu,worker2,7
2025-07-14 16:25:06.072149,enact,73,featured_cpu,worker3,7
2025-07-14 16:25:06.072211,enact,73,featured_ram,m2,8
2025-07-14 16:25:06.072214,enact,73,featured_ram,main,8
2025-07-14 16:25:06.072215,enact,73,featured_ram,worker1,8
2025-07-14 16:25:06.072217,enact,73,featured_ram,worker2,8
2025-07-14 16:25:06.072218,enact,73,featured_ram,worker3,8
2025-07-14 16:25:06.072272,enact,73,featured_storage,m2,512
2025-07-14 16:25:06.072274,enact,73,featured_storage,main,1024
2025-07-14 16:25:06.072276,enact,73,featured_storage,worker1,1024
2025-07-14 16:25:06.072277,enact,73,featured_storage,worker2,1024
2025-07-14 16:25:06.072279,enact,73,featured_storage,worker3,1024
2025-07-14 16:25:06.072332,enact,73,featured_gpu,m2,0
2025-07-14 16:25:06.072334,enact,73,featured_gpu,main,0
2025-07-14 16:25:06.072336,enact,73,featured_gpu,worker1,0
2025-07-14 16:25:06.072337,enact,73,featured_gpu,worker2,0
2025-07-14 16:25:06.072339,enact,73,featured_gpu,worker3,0
2025-07-14 16:25:06.085573,enact,74,featured_carbon,m2,200
2025-07-14 16:25:06.085576,enact,74,featured_carbon,main,402
2025-07-14 16:25:06.085577,enact,74,featured_carbon,worker1,340
2025-07-14 16:25:06.085579,enact,74,featured_carbon,worker2,360
2025-07-14 16:25:06.085581,enact,74,featured_carbon,worker3,360
2025-07-14 16:25:06.086015,enact,74,featured_cpu,m2,7
2025-07-14 16:25:06.086018,enact,74,featured_cpu,main,7
2025-07-14 16:25:06.086019,enact,74,featured_cpu,worker1,7
2025-07-14 16:25:06.086021,enact,74,featured_cpu,worker2,7
2025-07-14 16:25:06.086022,enact,74,featured_cpu,worker3,7
2025-07-14 16:25:06.086077,enact,74,featured_ram,m2,8
2025-07-14 16:25:06.086080,enact,74,featured_ram,main,8
2025-07-14 16:25:06.086081,enact,74,featured_ram,worker1,8
2025-07-14 16:25:06.086083,enact,74,featured_ram,worker2,8
2025-07-14 16:25:06.086084,enact,74,featured_ram,worker3,8
2025-07-14 16:25:06.086141,enact,74,featured_storage,m2,512
2025-07-14 16:25:06.086143,enact,74,featured_storage,main,1024
2025-07-14 16:25:06.086145,enact,74,featured_storage,worker1,1024
2025-07-14 16:25:06.086146,enact,74,featured_storage,worker2,1024
2025-07-14 16:25:06.086148,enact,74,featured_storage,worker3,1024
2025-07-14 16:25:06.086198,enact,74,featured_gpu,m2,0
2025-07-14 16:25:06.086200,enact,74,featured_gpu,main,0
2025-07-14 16:25:06.086202,enact,74,featured_gpu,worker1,0
2025-07-14 16:25:06.086203,enact,74,featured_gpu,worker2,0
2025-07-14 16:25:06.086204,enact,74,featured_gpu,worker3,0
2025-07-14 16:25:06.099411,enact,75,featured_carbon,m2,200
2025-07-14 16:25:06.099415,enact,75,featured_carbon,main,402
2025-07-14 16:25:06.099417,enact,75,featured_carbon,worker1,340
2025-07-14 16:25:06.099419,enact,75,featured_carbon,worker2,360
2025-07-14 16:25:06.099420,enact,75,featured_carbon,worker3,360
2025-07-14 16:25:06.099892,enact,75,featured_cpu,m2,7
2025-07-14 16:25:06.099894,enact,75,featured_cpu,main,7
2025-07-14 16:25:06.099896,enact,75,featured_cpu,worker1,7
2025-07-14 16:25:06.099898,enact,75,featured_cpu,worker2,7
2025-07-14 16:25:06.099900,enact,75,featured_cpu,worker3,7
2025-07-14 16:25:06.099959,enact,75,featured_ram,m2,8
2025-07-14 16:25:06.099961,enact,75,featured_ram,main,8
2025-07-14 16:25:06.099963,enact,75,featured_ram,worker1,8
2025-07-14 16:25:06.099965,enact,75,featured_ram,worker2,8
2025-07-14 16:25:06.099966,enact,75,featured_ram,worker3,8
2025-07-14 16:25:06.100020,enact,75,featured_storage,m2,512
2025-07-14 16:25:06.100022,enact,75,featured_storage,main,1024
2025-07-14 16:25:06.100024,enact,75,featured_storage,worker1,1024
2025-07-14 16:25:06.100026,enact,75,featured_storage,worker2,1024
2025-07-14 16:25:06.100027,enact,75,featured_storage,worker3,1024
2025-07-14 16:25:06.100087,enact,75,featured_gpu,m2,0
2025-07-14 16:25:06.100090,enact,75,featured_gpu,main,0
2025-07-14 16:25:06.100091,enact,75,featured_gpu,worker1,0
2025-07-14 16:25:06.100093,enact,75,featured_gpu,worker2,0
2025-07-14 16:25:06.100094,enact,75,featured_gpu,worker3,0
2025-07-14 16:25:06.114389,enact,76,featured_carbon,m2,200
2025-07-14 16:25:06.114393,enact,76,featured_carbon,main,402
2025-07-14 16:25:06.114395,enact,76,featured_carbon,worker1,340
2025-07-14 16:25:06.114397,enact,76,featured_carbon,worker2,360
2025-07-14 16:25:06.114399,enact,76,featured_carbon,worker3,360
2025-07-14 16:25:06.114926,enact,76,featured_cpu,m2,7
2025-07-14 16:25:06.114928,enact,76,featured_cpu,main,7
2025-07-14 16:25:06.114930,enact,76,featured_cpu,worker1,7
2025-07-14 16:25:06.114932,enact,76,featured_cpu,worker2,7
2025-07-14 16:25:06.114933,enact,76,featured_cpu,worker3,7
2025-07-14 16:25:06.114996,enact,76,featured_ram,m2,8
2025-07-14 16:25:06.114998,enact,76,featured_ram,main,8
2025-07-14 16:25:06.115000,enact,76,featured_ram,worker1,8
2025-07-14 16:25:06.115002,enact,76,featured_ram,worker2,8
2025-07-14 16:25:06.115003,enact,76,featured_ram,worker3,8
2025-07-14 16:25:06.115053,enact,76,featured_storage,m2,512
2025-07-14 16:25:06.115056,enact,76,featured_storage,main,1024
2025-07-14 16:25:06.115057,enact,76,featured_storage,worker1,1024
2025-07-14 16:25:06.115059,enact,76,featured_storage,worker2,1024
2025-07-14 16:25:06.115061,enact,76,featured_storage,worker3,1024
2025-07-14 16:25:06.115126,enact,76,featured_gpu,m2,0
2025-07-14 16:25:06.115128,enact,76,featured_gpu,main,0
2025-07-14 16:25:06.115130,enact,76,featured_gpu,worker1,0
2025-07-14 16:25:06.115132,enact,76,featured_gpu,worker2,0
2025-07-14 16:25:06.115133,enact,76,featured_gpu,worker3,0
2025-07-14 16:25:06.128503,enact,77,featured_carbon,m2,200
2025-07-14 16:25:06.128506,enact,77,featured_carbon,main,402
2025-07-14 16:25:06.128507,enact,77,featured_carbon,worker1,340
2025-07-14 16:25:06.128509,enact,77,featured_carbon,worker2,360
2025-07-14 16:25:06.128510,enact,77,featured_carbon,worker3,360
2025-07-14 16:25:06.129031,enact,77,featured_cpu,m2,7
2025-07-14 16:25:06.129033,enact,77,featured_cpu,main,7
2025-07-14 16:25:06.129035,enact,77,featured_cpu,worker1,7
2025-07-14 16:25:06.129036,enact,77,featured_cpu,worker2,7
2025-07-14 16:25:06.129038,enact,77,featured_cpu,worker3,7
2025-07-14 16:25:06.129101,enact,77,featured_ram,m2,8
2025-07-14 16:25:06.129105,enact,77,featured_ram,main,8
2025-07-14 16:25:06.129106,enact,77,featured_ram,worker1,8
2025-07-14 16:25:06.129108,enact,77,featured_ram,worker2,8
2025-07-14 16:25:06.129109,enact,77,featured_ram,worker3,8
2025-07-14 16:25:06.129173,enact,77,featured_storage,m2,512
2025-07-14 16:25:06.129176,enact,77,featured_storage,main,1024
2025-07-14 16:25:06.129178,enact,77,featured_storage,worker1,1024
2025-07-14 16:25:06.129179,enact,77,featured_storage,worker2,1024
2025-07-14 16:25:06.129181,enact,77,featured_storage,worker3,1024
2025-07-14 16:25:06.129240,enact,77,featured_gpu,m2,0
2025-07-14 16:25:06.129243,enact,77,featured_gpu,main,0
2025-07-14 16:25:06.129244,enact,77,featured_gpu,worker1,0
2025-07-14 16:25:06.129247,enact,77,featured_gpu,worker2,0
2025-07-14 16:25:06.129248,enact,77,featured_gpu,worker3,0
2025-07-14 16:25:06.143693,enact,78,featured_carbon,m2,200
2025-07-14 16:25:06.143695,enact,78,featured_carbon,main,402
2025-07-14 16:25:06.143697,enact,78,featured_carbon,worker1,340
2025-07-14 16:25:06.143698,enact,78,featured_carbon,worker2,360
2025-07-14 16:25:06.143700,enact,78,featured_carbon,worker3,360
2025-07-14 16:25:06.144167,enact,78,featured_cpu,m2,7
2025-07-14 16:25:06.144169,enact,78,featured_cpu,main,7
2025-07-14 16:25:06.144171,enact,78,featured_cpu,worker1,7
2025-07-14 16:25:06.144172,enact,78,featured_cpu,worker2,7
2025-07-14 16:25:06.144174,enact,78,featured_cpu,worker3,7
2025-07-14 16:25:06.144246,enact,78,featured_ram,m2,8
2025-07-14 16:25:06.144249,enact,78,featured_ram,main,8
2025-07-14 16:25:06.144251,enact,78,featured_ram,worker1,8
2025-07-14 16:25:06.144252,enact,78,featured_ram,worker2,8
2025-07-14 16:25:06.144254,enact,78,featured_ram,worker3,8
2025-07-14 16:25:06.144315,enact,78,featured_storage,m2,512
2025-07-14 16:25:06.144319,enact,78,featured_storage,main,1024
2025-07-14 16:25:06.144320,enact,78,featured_storage,worker1,1024
2025-07-14 16:25:06.144322,enact,78,featured_storage,worker2,1024
2025-07-14 16:25:06.144324,enact,78,featured_storage,worker3,1024
2025-07-14 16:25:06.144395,enact,78,featured_gpu,m2,0
2025-07-14 16:25:06.144399,enact,78,featured_gpu,main,0
2025-07-14 16:25:06.144401,enact,78,featured_gpu,worker1,0
2025-07-14 16:25:06.144402,enact,78,featured_gpu,worker2,0
2025-07-14 16:25:06.144404,enact,78,featured_gpu,worker3,0
2025-07-14 16:25:06.158770,enact,79,featured_carbon,m2,200
2025-07-14 16:25:06.158773,enact,79,featured_carbon,main,402
2025-07-14 16:25:06.158775,enact,79,featured_carbon,worker1,340
2025-07-14 16:25:06.158777,enact,79,featured_carbon,worker2,360
2025-07-14 16:25:06.158778,enact,79,featured_carbon,worker3,360
2025-07-14 16:25:06.159426,enact,79,featured_cpu,m2,7
2025-07-14 16:25:06.159428,enact,79,featured_cpu,main,7
2025-07-14 16:25:06.159429,enact,79,featured_cpu,worker1,7
2025-07-14 16:25:06.159431,enact,79,featured_cpu,worker2,7
2025-07-14 16:25:06.159433,enact,79,featured_cpu,worker3,7
2025-07-14 16:25:06.159479,enact,79,featured_ram,m2,8
2025-07-14 16:25:06.159481,enact,79,featured_ram,main,8
2025-07-14 16:25:06.159482,enact,79,featured_ram,worker1,8
2025-07-14 16:25:06.159484,enact,79,featured_ram,worker2,8
2025-07-14 16:25:06.159486,enact,79,featured_ram,worker3,8
2025-07-14 16:25:06.159531,enact,79,featured_storage,m2,512
2025-07-14 16:25:06.159533,enact,79,featured_storage,main,1024
2025-07-14 16:25:06.159535,enact,79,featured_storage,worker1,1024
2025-07-14 16:25:06.159536,enact,79,featured_storage,worker2,1024
2025-07-14 16:25:06.159538,enact,79,featured_storage,worker3,1024
2025-07-14 16:25:06.159599,enact,79,featured_gpu,m2,0
2025-07-14 16:25:06.159602,enact,79,featured_gpu,main,0
2025-07-14 16:25:06.159604,enact,79,featured_gpu,worker1,0
2025-07-14 16:25:06.159605,enact,79,featured_gpu,worker2,0
2025-07-14 16:25:06.159607,enact,79,featured_gpu,worker3,0
2025-07-14 16:25:06.172951,enact,80,featured_carbon,m2,200
2025-07-14 16:25:06.172954,enact,80,featured_carbon,main,402
2025-07-14 16:25:06.172955,enact,80,featured_carbon,worker1,340
2025-07-14 16:25:06.172957,enact,80,featured_carbon,worker2,360
2025-07-14 16:25:06.172959,enact,80,featured_carbon,worker3,360
2025-07-14 16:25:06.173403,enact,80,featured_cpu,m2,7
2025-07-14 16:25:06.173406,enact,80,featured_cpu,main,7
2025-07-14 16:25:06.173407,enact,80,featured_cpu,worker1,7
2025-07-14 16:25:06.173409,enact,80,featured_cpu,worker2,7
2025-07-14 16:25:06.173410,enact,80,featured_cpu,worker3,7
2025-07-14 16:25:06.173483,enact,80,featured_ram,m2,8
2025-07-14 16:25:06.173485,enact,80,featured_ram,main,8
2025-07-14 16:25:06.173487,enact,80,featured_ram,worker1,8
2025-07-14 16:25:06.173489,enact,80,featured_ram,worker2,8
2025-07-14 16:25:06.173490,enact,80,featured_ram,worker3,8
2025-07-14 16:25:06.173556,enact,80,featured_storage,m2,512
2025-07-14 16:25:06.173558,enact,80,featured_storage,main,1024
2025-07-14 16:25:06.173560,enact,80,featured_storage,worker1,1024
2025-07-14 16:25:06.173562,enact,80,featured_storage,worker2,1024
2025-07-14 16:25:06.173564,enact,80,featured_storage,worker3,1024
2025-07-14 16:25:06.173614,enact,80,featured_gpu,m2,0
2025-07-14 16:25:06.173616,enact,80,featured_gpu,main,0
2025-07-14 16:25:06.173618,enact,80,featured_gpu,worker1,0
2025-07-14 16:25:06.173619,enact,80,featured_gpu,worker2,0
2025-07-14 16:25:06.173621,enact,80,featured_gpu,worker3,0
2025-07-14 16:25:06.187701,enact,81,featured_carbon,m2,200
2025-07-14 16:25:06.187704,enact,81,featured_carbon,main,402
2025-07-14 16:25:06.187706,enact,81,featured_carbon,worker1,340
2025-07-14 16:25:06.187708,enact,81,featured_carbon,worker2,360
2025-07-14 16:25:06.187709,enact,81,featured_carbon,worker3,360
2025-07-14 16:25:06.188263,enact,81,featured_cpu,m2,7
2025-07-14 16:25:06.188265,enact,81,featured_cpu,main,7
2025-07-14 16:25:06.188267,enact,81,featured_cpu,worker1,7
2025-07-14 16:25:06.188268,enact,81,featured_cpu,worker2,7
2025-07-14 16:25:06.188270,enact,81,featured_cpu,worker3,7
2025-07-14 16:25:06.188336,enact,81,featured_ram,m2,8
2025-07-14 16:25:06.188338,enact,81,featured_ram,main,8
2025-07-14 16:25:06.188339,enact,81,featured_ram,worker1,8
2025-07-14 16:25:06.188341,enact,81,featured_ram,worker2,8
2025-07-14 16:25:06.188342,enact,81,featured_ram,worker3,8
2025-07-14 16:25:06.188396,enact,81,featured_storage,m2,512
2025-07-14 16:25:06.188398,enact,81,featured_storage,main,1024
2025-07-14 16:25:06.188400,enact,81,featured_storage,worker1,1024
2025-07-14 16:25:06.188402,enact,81,featured_storage,worker2,1024
2025-07-14 16:25:06.188403,enact,81,featured_storage,worker3,1024
2025-07-14 16:25:06.188452,enact,81,featured_gpu,m2,0
2025-07-14 16:25:06.188455,enact,81,featured_gpu,main,0
2025-07-14 16:25:06.188456,enact,81,featured_gpu,worker1,0
2025-07-14 16:25:06.188458,enact,81,featured_gpu,worker2,0
2025-07-14 16:25:06.188459,enact,81,featured_gpu,worker3,0
2025-07-14 16:25:06.201763,enact,82,featured_carbon,m2,200
2025-07-14 16:25:06.201765,enact,82,featured_carbon,main,402
2025-07-14 16:25:06.201767,enact,82,featured_carbon,worker1,340
2025-07-14 16:25:06.201769,enact,82,featured_carbon,worker2,360
2025-07-14 16:25:06.201771,enact,82,featured_carbon,worker3,360
2025-07-14 16:25:06.202270,enact,82,featured_cpu,m2,7
2025-07-14 16:25:06.202273,enact,82,featured_cpu,main,7
2025-07-14 16:25:06.202275,enact,82,featured_cpu,worker1,7
2025-07-14 16:25:06.202277,enact,82,featured_cpu,worker2,7
2025-07-14 16:25:06.202278,enact,82,featured_cpu,worker3,7
2025-07-14 16:25:06.202328,enact,82,featured_ram,m2,8
2025-07-14 16:25:06.202330,enact,82,featured_ram,main,8
2025-07-14 16:25:06.202332,enact,82,featured_ram,worker1,8
2025-07-14 16:25:06.202334,enact,82,featured_ram,worker2,8
2025-07-14 16:25:06.202335,enact,82,featured_ram,worker3,8
2025-07-14 16:25:06.202384,enact,82,featured_storage,m2,512
2025-07-14 16:25:06.202387,enact,82,featured_storage,main,1024
2025-07-14 16:25:06.202388,enact,82,featured_storage,worker1,1024
2025-07-14 16:25:06.202390,enact,82,featured_storage,worker2,1024
2025-07-14 16:25:06.202392,enact,82,featured_storage,worker3,1024
2025-07-14 16:25:06.202437,enact,82,featured_gpu,m2,0
2025-07-14 16:25:06.202439,enact,82,featured_gpu,main,0
2025-07-14 16:25:06.202441,enact,82,featured_gpu,worker1,0
2025-07-14 16:25:06.202443,enact,82,featured_gpu,worker2,0
2025-07-14 16:25:06.202444,enact,82,featured_gpu,worker3,0
2025-07-14 16:25:06.216653,enact,83,featured_carbon,m2,200
2025-07-14 16:25:06.216655,enact,83,featured_carbon,main,402
2025-07-14 16:25:06.216657,enact,83,featured_carbon,worker1,340
2025-07-14 16:25:06.216659,enact,83,featured_carbon,worker2,360
2025-07-14 16:25:06.216660,enact,83,featured_carbon,worker3,360
2025-07-14 16:25:06.217123,enact,83,featured_cpu,m2,7
2025-07-14 16:25:06.217128,enact,83,featured_cpu,main,7
2025-07-14 16:25:06.217129,enact,83,featured_cpu,worker1,7
2025-07-14 16:25:06.217131,enact,83,featured_cpu,worker2,7
2025-07-14 16:25:06.217133,enact,83,featured_cpu,worker3,7
2025-07-14 16:25:06.217200,enact,83,featured_ram,m2,8
2025-07-14 16:25:06.217203,enact,83,featured_ram,main,8
2025-07-14 16:25:06.217205,enact,83,featured_ram,worker1,8
2025-07-14 16:25:06.217206,enact,83,featured_ram,worker2,8
2025-07-14 16:25:06.217208,enact,83,featured_ram,worker3,8
2025-07-14 16:25:06.217268,enact,83,featured_storage,m2,512
2025-07-14 16:25:06.217271,enact,83,featured_storage,main,1024
2025-07-14 16:25:06.217272,enact,83,featured_storage,worker1,1024
2025-07-14 16:25:06.217274,enact,83,featured_storage,worker2,1024
2025-07-14 16:25:06.217276,enact,83,featured_storage,worker3,1024
2025-07-14 16:25:06.217348,enact,83,featured_gpu,m2,0
2025-07-14 16:25:06.217350,enact,83,featured_gpu,main,0
2025-07-14 16:25:06.217352,enact,83,featured_gpu,worker1,0
2025-07-14 16:25:06.217354,enact,83,featured_gpu,worker2,0
2025-07-14 16:25:06.217355,enact,83,featured_gpu,worker3,0
2025-07-14 16:25:06.232655,enact,84,featured_carbon,m2,200
2025-07-14 16:25:06.232657,enact,84,featured_carbon,main,402
2025-07-14 16:25:06.232659,enact,84,featured_carbon,worker1,340
2025-07-14 16:25:06.232661,enact,84,featured_carbon,worker2,360
2025-07-14 16:25:06.232662,enact,84,featured_carbon,worker3,360
2025-07-14 16:25:06.233161,enact,84,featured_cpu,m2,7
2025-07-14 16:25:06.233164,enact,84,featured_cpu,main,7
2025-07-14 16:25:06.233165,enact,84,featured_cpu,worker1,7
2025-07-14 16:25:06.233167,enact,84,featured_cpu,worker2,7
2025-07-14 16:25:06.233168,enact,84,featured_cpu,worker3,7
2025-07-14 16:25:06.233224,enact,84,featured_ram,m2,8
2025-07-14 16:25:06.233226,enact,84,featured_ram,main,8
2025-07-14 16:25:06.233228,enact,84,featured_ram,worker1,8
2025-07-14 16:25:06.233229,enact,84,featured_ram,worker2,8
2025-07-14 16:25:06.233231,enact,84,featured_ram,worker3,8
2025-07-14 16:25:06.233280,enact,84,featured_storage,m2,512
2025-07-14 16:25:06.233282,enact,84,featured_storage,main,1024
2025-07-14 16:25:06.233284,enact,84,featured_storage,worker1,1024
2025-07-14 16:25:06.233285,enact,84,featured_storage,worker2,1024
2025-07-14 16:25:06.233287,enact,84,featured_storage,worker3,1024
2025-07-14 16:25:06.233345,enact,84,featured_gpu,m2,0
2025-07-14 16:25:06.233347,enact,84,featured_gpu,main,0
2025-07-14 16:25:06.233349,enact,84,featured_gpu,worker1,0
2025-07-14 16:25:06.233351,enact,84,featured_gpu,worker2,0
2025-07-14 16:25:06.233352,enact,84,featured_gpu,worker3,0
2025-07-14 16:25:06.247630,enact,85,featured_carbon,m2,200
2025-07-14 16:25:06.247633,enact,85,featured_carbon,main,402
2025-07-14 16:25:06.247635,enact,85,featured_carbon,worker1,340
2025-07-14 16:25:06.247637,enact,85,featured_carbon,worker2,360
2025-07-14 16:25:06.247638,enact,85,featured_carbon,worker3,360
2025-07-14 16:25:06.248126,enact,85,featured_cpu,m2,7
2025-07-14 16:25:06.248128,enact,85,featured_cpu,main,7
2025-07-14 16:25:06.248130,enact,85,featured_cpu,worker1,7
2025-07-14 16:25:06.248131,enact,85,featured_cpu,worker2,7
2025-07-14 16:25:06.248133,enact,85,featured_cpu,worker3,7
2025-07-14 16:25:06.248193,enact,85,featured_ram,m2,8
2025-07-14 16:25:06.248195,enact,85,featured_ram,main,8
2025-07-14 16:25:06.248196,enact,85,featured_ram,worker1,8
2025-07-14 16:25:06.248198,enact,85,featured_ram,worker2,8
2025-07-14 16:25:06.248199,enact,85,featured_ram,worker3,8
2025-07-14 16:25:06.248247,enact,85,featured_storage,m2,512
2025-07-14 16:25:06.248249,enact,85,featured_storage,main,1024
2025-07-14 16:25:06.248251,enact,85,featured_storage,worker1,1024
2025-07-14 16:25:06.248252,enact,85,featured_storage,worker2,1024
2025-07-14 16:25:06.248254,enact,85,featured_storage,worker3,1024
2025-07-14 16:25:06.248298,enact,85,featured_gpu,m2,0
2025-07-14 16:25:06.248301,enact,85,featured_gpu,main,0
2025-07-14 16:25:06.248302,enact,85,featured_gpu,worker1,0
2025-07-14 16:25:06.248304,enact,85,featured_gpu,worker2,0
2025-07-14 16:25:06.248305,enact,85,featured_gpu,worker3,0
2025-07-14 16:25:06.262575,enact,86,featured_carbon,m2,200
2025-07-14 16:25:06.262577,enact,86,featured_carbon,main,402
2025-07-14 16:25:06.262579,enact,86,featured_carbon,worker1,340
2025-07-14 16:25:06.262581,enact,86,featured_carbon,worker2,360
2025-07-14 16:25:06.262582,enact,86,featured_carbon,worker3,360
2025-07-14 16:25:06.263131,enact,86,featured_cpu,m2,7
2025-07-14 16:25:06.263133,enact,86,featured_cpu,main,7
2025-07-14 16:25:06.263135,enact,86,featured_cpu,worker1,7
2025-07-14 16:25:06.263136,enact,86,featured_cpu,worker2,7
2025-07-14 16:25:06.263138,enact,86,featured_cpu,worker3,7
2025-07-14 16:25:06.263191,enact,86,featured_ram,m2,8
2025-07-14 16:25:06.263193,enact,86,featured_ram,main,8
2025-07-14 16:25:06.263194,enact,86,featured_ram,worker1,8
2025-07-14 16:25:06.263196,enact,86,featured_ram,worker2,8
2025-07-14 16:25:06.263197,enact,86,featured_ram,worker3,8
2025-07-14 16:25:06.263255,enact,86,featured_storage,m2,512
2025-07-14 16:25:06.263258,enact,86,featured_storage,main,1024
2025-07-14 16:25:06.263259,enact,86,featured_storage,worker1,1024
2025-07-14 16:25:06.263261,enact,86,featured_storage,worker2,1024
2025-07-14 16:25:06.263263,enact,86,featured_storage,worker3,1024
2025-07-14 16:25:06.263321,enact,86,featured_gpu,m2,0
2025-07-14 16:25:06.263323,enact,86,featured_gpu,main,0
2025-07-14 16:25:06.263325,enact,86,featured_gpu,worker1,0
2025-07-14 16:25:06.263327,enact,86,featured_gpu,worker2,0
2025-07-14 16:25:06.263328,enact,86,featured_gpu,worker3,0
2025-07-14 16:25:06.276766,enact,87,featured_carbon,m2,200
2025-07-14 16:25:06.276769,enact,87,featured_carbon,main,402
2025-07-14 16:25:06.276771,enact,87,featured_carbon,worker1,340
2025-07-14 16:25:06.276773,enact,87,featured_carbon,worker2,360
2025-07-14 16:25:06.276774,enact,87,featured_carbon,worker3,360
2025-07-14 16:25:06.277216,enact,87,featured_cpu,m2,7
2025-07-14 16:25:06.277219,enact,87,featured_cpu,main,7
2025-07-14 16:25:06.277220,enact,87,featured_cpu,worker1,7
2025-07-14 16:25:06.277222,enact,87,featured_cpu,worker2,7
2025-07-14 16:25:06.277224,enact,87,featured_cpu,worker3,7
2025-07-14 16:25:06.277282,enact,87,featured_ram,m2,8
2025-07-14 16:25:06.277284,enact,87,featured_ram,main,8
2025-07-14 16:25:06.277286,enact,87,featured_ram,worker1,8
2025-07-14 16:25:06.277288,enact,87,featured_ram,worker2,8
2025-07-14 16:25:06.277289,enact,87,featured_ram,worker3,8
2025-07-14 16:25:06.277340,enact,87,featured_storage,m2,512
2025-07-14 16:25:06.277342,enact,87,featured_storage,main,1024
2025-07-14 16:25:06.277344,enact,87,featured_storage,worker1,1024
2025-07-14 16:25:06.277346,enact,87,featured_storage,worker2,1024
2025-07-14 16:25:06.277347,enact,87,featured_storage,worker3,1024
2025-07-14 16:25:06.277393,enact,87,featured_gpu,m2,0
2025-07-14 16:25:06.277395,enact,87,featured_gpu,main,0
2025-07-14 16:25:06.277397,enact,87,featured_gpu,worker1,0
2025-07-14 16:25:06.277398,enact,87,featured_gpu,worker2,0
2025-07-14 16:25:06.277400,enact,87,featured_gpu,worker3,0
2025-07-14 16:25:06.291568,enact,88,featured_carbon,m2,200
2025-07-14 16:25:06.291571,enact,88,featured_carbon,main,402
2025-07-14 16:25:06.291573,enact,88,featured_carbon,worker1,340
2025-07-14 16:25:06.291574,enact,88,featured_carbon,worker2,360
2025-07-14 16:25:06.291576,enact,88,featured_carbon,worker3,360
2025-07-14 16:25:06.292226,enact,88,featured_cpu,m2,7
2025-07-14 16:25:06.292230,enact,88,featured_cpu,main,7
2025-07-14 16:25:06.292232,enact,88,featured_cpu,worker1,7
2025-07-14 16:25:06.292234,enact,88,featured_cpu,worker2,7
2025-07-14 16:25:06.292236,enact,88,featured_cpu,worker3,7
2025-07-14 16:25:06.292337,enact,88,featured_ram,m2,8
2025-07-14 16:25:06.292339,enact,88,featured_ram,main,8
2025-07-14 16:25:06.292341,enact,88,featured_ram,worker1,8
2025-07-14 16:25:06.292343,enact,88,featured_ram,worker2,8
2025-07-14 16:25:06.292344,enact,88,featured_ram,worker3,8
2025-07-14 16:25:06.292403,enact,88,featured_storage,m2,512
2025-07-14 16:25:06.292405,enact,88,featured_storage,main,1024
2025-07-14 16:25:06.292407,enact,88,featured_storage,worker1,1024
2025-07-14 16:25:06.292409,enact,88,featured_storage,worker2,1024
2025-07-14 16:25:06.292410,enact,88,featured_storage,worker3,1024
2025-07-14 16:25:06.292470,enact,88,featured_gpu,m2,0
2025-07-14 16:25:06.292473,enact,88,featured_gpu,main,0
2025-07-14 16:25:06.292474,enact,88,featured_gpu,worker1,0
2025-07-14 16:25:06.292476,enact,88,featured_gpu,worker2,0
2025-07-14 16:25:06.292477,enact,88,featured_gpu,worker3,0
2025-07-14 16:25:06.306762,enact,89,featured_carbon,m2,200
2025-07-14 16:25:06.306764,enact,89,featured_carbon,main,402
2025-07-14 16:25:06.306766,enact,89,featured_carbon,worker1,340
2025-07-14 16:25:06.306768,enact,89,featured_carbon,worker2,360
2025-07-14 16:25:06.306770,enact,89,featured_carbon,worker3,360
2025-07-14 16:25:06.307247,enact,89,featured_cpu,m2,7
2025-07-14 16:25:06.307251,enact,89,featured_cpu,main,7
2025-07-14 16:25:06.307253,enact,89,featured_cpu,worker1,7
2025-07-14 16:25:06.307255,enact,89,featured_cpu,worker2,7
2025-07-14 16:25:06.307256,enact,89,featured_cpu,worker3,7
2025-07-14 16:25:06.307343,enact,89,featured_ram,m2,8
2025-07-14 16:25:06.307346,enact,89,featured_ram,main,8
2025-07-14 16:25:06.307348,enact,89,featured_ram,worker1,8
2025-07-14 16:25:06.307349,enact,89,featured_ram,worker2,8
2025-07-14 16:25:06.307351,enact,89,featured_ram,worker3,8
2025-07-14 16:25:06.307412,enact,89,featured_storage,m2,512
2025-07-14 16:25:06.307414,enact,89,featured_storage,main,1024
2025-07-14 16:25:06.307416,enact,89,featured_storage,worker1,1024
2025-07-14 16:25:06.307418,enact,89,featured_storage,worker2,1024
2025-07-14 16:25:06.307420,enact,89,featured_storage,worker3,1024
2025-07-14 16:25:06.307488,enact,89,featured_gpu,m2,0
2025-07-14 16:25:06.307490,enact,89,featured_gpu,main,0
2025-07-14 16:25:06.307492,enact,89,featured_gpu,worker1,0
2025-07-14 16:25:06.307494,enact,89,featured_gpu,worker2,0
2025-07-14 16:25:06.307495,enact,89,featured_gpu,worker3,0
2025-07-14 16:25:06.321707,enact,90,featured_carbon,m2,200
2025-07-14 16:25:06.321709,enact,90,featured_carbon,main,402
2025-07-14 16:25:06.321711,enact,90,featured_carbon,worker1,340
2025-07-14 16:25:06.321713,enact,90,featured_carbon,worker2,360
2025-07-14 16:25:06.321714,enact,90,featured_carbon,worker3,360
2025-07-14 16:25:06.322226,enact,90,featured_cpu,m2,7
2025-07-14 16:25:06.322229,enact,90,featured_cpu,main,7
2025-07-14 16:25:06.322231,enact,90,featured_cpu,worker1,7
2025-07-14 16:25:06.322232,enact,90,featured_cpu,worker2,7
2025-07-14 16:25:06.322234,enact,90,featured_cpu,worker3,7
2025-07-14 16:25:06.322306,enact,90,featured_ram,m2,8
2025-07-14 16:25:06.322309,enact,90,featured_ram,main,8
2025-07-14 16:25:06.322310,enact,90,featured_ram,worker1,8
2025-07-14 16:25:06.322312,enact,90,featured_ram,worker2,8
2025-07-14 16:25:06.322314,enact,90,featured_ram,worker3,8
2025-07-14 16:25:06.322364,enact,90,featured_storage,m2,512
2025-07-14 16:25:06.322366,enact,90,featured_storage,main,1024
2025-07-14 16:25:06.322368,enact,90,featured_storage,worker1,1024
2025-07-14 16:25:06.322370,enact,90,featured_storage,worker2,1024
2025-07-14 16:25:06.322371,enact,90,featured_storage,worker3,1024
2025-07-14 16:25:06.322422,enact,90,featured_gpu,m2,0
2025-07-14 16:25:06.322424,enact,90,featured_gpu,main,0
2025-07-14 16:25:06.322426,enact,90,featured_gpu,worker1,0
2025-07-14 16:25:06.322427,enact,90,featured_gpu,worker2,0
2025-07-14 16:25:06.322429,enact,90,featured_gpu,worker3,0
2025-07-14 16:25:06.336622,enact,91,featured_carbon,m2,200
2025-07-14 16:25:06.336625,enact,91,featured_carbon,main,402
2025-07-14 16:25:06.336626,enact,91,featured_carbon,worker1,340
2025-07-14 16:25:06.336628,enact,91,featured_carbon,worker2,360
2025-07-14 16:25:06.336630,enact,91,featured_carbon,worker3,360
2025-07-14 16:25:06.337102,enact,91,featured_cpu,m2,7
2025-07-14 16:25:06.337105,enact,91,featured_cpu,main,7
2025-07-14 16:25:06.337106,enact,91,featured_cpu,worker1,7
2025-07-14 16:25:06.337108,enact,91,featured_cpu,worker2,7
2025-07-14 16:25:06.337109,enact,91,featured_cpu,worker3,7
2025-07-14 16:25:06.337157,enact,91,featured_ram,m2,8
2025-07-14 16:25:06.337160,enact,91,featured_ram,main,8
2025-07-14 16:25:06.337161,enact,91,featured_ram,worker1,8
2025-07-14 16:25:06.337163,enact,91,featured_ram,worker2,8
2025-07-14 16:25:06.337164,enact,91,featured_ram,worker3,8
2025-07-14 16:25:06.337214,enact,91,featured_storage,m2,512
2025-07-14 16:25:06.337216,enact,91,featured_storage,main,1024
2025-07-14 16:25:06.337218,enact,91,featured_storage,worker1,1024
2025-07-14 16:25:06.337219,enact,91,featured_storage,worker2,1024
2025-07-14 16:25:06.337221,enact,91,featured_storage,worker3,1024
2025-07-14 16:25:06.337283,enact,91,featured_gpu,m2,0
2025-07-14 16:25:06.337286,enact,91,featured_gpu,main,0
2025-07-14 16:25:06.337287,enact,91,featured_gpu,worker1,0
2025-07-14 16:25:06.337289,enact,91,featured_gpu,worker2,0
2025-07-14 16:25:06.337291,enact,91,featured_gpu,worker3,0
2025-07-14 16:25:06.350642,enact,92,featured_carbon,m2,200
2025-07-14 16:25:06.350645,enact,92,featured_carbon,main,402
2025-07-14 16:25:06.350647,enact,92,featured_carbon,worker1,340
2025-07-14 16:25:06.350648,enact,92,featured_carbon,worker2,360
2025-07-14 16:25:06.350650,enact,92,featured_carbon,worker3,360
2025-07-14 16:25:06.351127,enact,92,featured_cpu,m2,7
2025-07-14 16:25:06.351129,enact,92,featured_cpu,main,7
2025-07-14 16:25:06.351131,enact,92,featured_cpu,worker1,7
2025-07-14 16:25:06.351133,enact,92,featured_cpu,worker2,7
2025-07-14 16:25:06.351134,enact,92,featured_cpu,worker3,7
2025-07-14 16:25:06.351192,enact,92,featured_ram,m2,8
2025-07-14 16:25:06.351195,enact,92,featured_ram,main,8
2025-07-14 16:25:06.351196,enact,92,featured_ram,worker1,8
2025-07-14 16:25:06.351198,enact,92,featured_ram,worker2,8
2025-07-14 16:25:06.351200,enact,92,featured_ram,worker3,8
2025-07-14 16:25:06.351282,enact,92,featured_storage,m2,512
2025-07-14 16:25:06.351285,enact,92,featured_storage,main,1024
2025-07-14 16:25:06.351287,enact,92,featured_storage,worker1,1024
2025-07-14 16:25:06.351289,enact,92,featured_storage,worker2,1024
2025-07-14 16:25:06.351290,enact,92,featured_storage,worker3,1024
2025-07-14 16:25:06.351345,enact,92,featured_gpu,m2,0
2025-07-14 16:25:06.351348,enact,92,featured_gpu,main,0
2025-07-14 16:25:06.351350,enact,92,featured_gpu,worker1,0
2025-07-14 16:25:06.351351,enact,92,featured_gpu,worker2,0
2025-07-14 16:25:06.351353,enact,92,featured_gpu,worker3,0
2025-07-14 16:25:06.364606,enact,93,featured_carbon,m2,200
2025-07-14 16:25:06.364608,enact,93,featured_carbon,main,402
2025-07-14 16:25:06.364610,enact,93,featured_carbon,worker1,340
2025-07-14 16:25:06.364612,enact,93,featured_carbon,worker2,360
2025-07-14 16:25:06.364613,enact,93,featured_carbon,worker3,360
2025-07-14 16:25:06.365099,enact,93,featured_cpu,m2,7
2025-07-14 16:25:06.365101,enact,93,featured_cpu,main,7
2025-07-14 16:25:06.365103,enact,93,featured_cpu,worker1,7
2025-07-14 16:25:06.365104,enact,93,featured_cpu,worker2,7
2025-07-14 16:25:06.365106,enact,93,featured_cpu,worker3,7
2025-07-14 16:25:06.365152,enact,93,featured_ram,m2,8
2025-07-14 16:25:06.365155,enact,93,featured_ram,main,8
2025-07-14 16:25:06.365156,enact,93,featured_ram,worker1,8
2025-07-14 16:25:06.365158,enact,93,featured_ram,worker2,8
2025-07-14 16:25:06.365159,enact,93,featured_ram,worker3,8
2025-07-14 16:25:06.365204,enact,93,featured_storage,m2,512
2025-07-14 16:25:06.365206,enact,93,featured_storage,main,1024
2025-07-14 16:25:06.365208,enact,93,featured_storage,worker1,1024
2025-07-14 16:25:06.365209,enact,93,featured_storage,worker2,1024
2025-07-14 16:25:06.365211,enact,93,featured_storage,worker3,1024
2025-07-14 16:25:06.365264,enact,93,featured_gpu,m2,0
2025-07-14 16:25:06.365267,enact,93,featured_gpu,main,0
2025-07-14 16:25:06.365268,enact,93,featured_gpu,worker1,0
2025-07-14 16:25:06.365270,enact,93,featured_gpu,worker2,0
2025-07-14 16:25:06.365271,enact,93,featured_gpu,worker3,0
2025-07-14 16:25:06.378564,enact,94,featured_carbon,m2,200
2025-07-14 16:25:06.378567,enact,94,featured_carbon,main,402
2025-07-14 16:25:06.378568,enact,94,featured_carbon,worker1,340
2025-07-14 16:25:06.378570,enact,94,featured_carbon,worker2,360
2025-07-14 16:25:06.378571,enact,94,featured_carbon,worker3,360
2025-07-14 16:25:06.379088,enact,94,featured_cpu,m2,7
2025-07-14 16:25:06.379091,enact,94,featured_cpu,main,7
2025-07-14 16:25:06.379092,enact,94,featured_cpu,worker1,7
2025-07-14 16:25:06.379094,enact,94,featured_cpu,worker2,7
2025-07-14 16:25:06.379096,enact,94,featured_cpu,worker3,7
2025-07-14 16:25:06.379141,enact,94,featured_ram,m2,8
2025-07-14 16:25:06.379143,enact,94,featured_ram,main,8
2025-07-14 16:25:06.379145,enact,94,featured_ram,worker1,8
2025-07-14 16:25:06.379147,enact,94,featured_ram,worker2,8
2025-07-14 16:25:06.379148,enact,94,featured_ram,worker3,8
2025-07-14 16:25:06.379223,enact,94,featured_storage,m2,512
2025-07-14 16:25:06.379228,enact,94,featured_storage,main,1024
2025-07-14 16:25:06.379230,enact,94,featured_storage,worker1,1024
2025-07-14 16:25:06.379231,enact,94,featured_storage,worker2,1024
2025-07-14 16:25:06.379233,enact,94,featured_storage,worker3,1024
2025-07-14 16:25:06.379294,enact,94,featured_gpu,m2,0
2025-07-14 16:25:06.379297,enact,94,featured_gpu,main,0
2025-07-14 16:25:06.379298,enact,94,featured_gpu,worker1,0
2025-07-14 16:25:06.379300,enact,94,featured_gpu,worker2,0
2025-07-14 16:25:06.379301,enact,94,featured_gpu,worker3,0
2025-07-14 16:25:06.393190,enact,95,featured_carbon,m2,200
2025-07-14 16:25:06.393194,enact,95,featured_carbon,main,402
2025-07-14 16:25:06.393196,enact,95,featured_carbon,worker1,340
2025-07-14 16:25:06.393198,enact,95,featured_carbon,worker2,360
2025-07-14 16:25:06.393200,enact,95,featured_carbon,worker3,360
2025-07-14 16:25:06.393669,enact,95,featured_cpu,m2,7
2025-07-14 16:25:06.393672,enact,95,featured_cpu,main,7
2025-07-14 16:25:06.393674,enact,95,featured_cpu,worker1,7
2025-07-14 16:25:06.393675,enact,95,featured_cpu,worker2,7
2025-07-14 16:25:06.393677,enact,95,featured_cpu,worker3,7
2025-07-14 16:25:06.393725,enact,95,featured_ram,m2,8
2025-07-14 16:25:06.393728,enact,95,featured_ram,main,8
2025-07-14 16:25:06.393729,enact,95,featured_ram,worker1,8
2025-07-14 16:25:06.393731,enact,95,featured_ram,worker2,8
2025-07-14 16:25:06.393732,enact,95,featured_ram,worker3,8
2025-07-14 16:25:06.393776,enact,95,featured_storage,m2,512
2025-07-14 16:25:06.393779,enact,95,featured_storage,main,1024
2025-07-14 16:25:06.393780,enact,95,featured_storage,worker1,1024
2025-07-14 16:25:06.393782,enact,95,featured_storage,worker2,1024
2025-07-14 16:25:06.393783,enact,95,featured_storage,worker3,1024
2025-07-14 16:25:06.393867,enact,95,featured_gpu,m2,0
2025-07-14 16:25:06.393870,enact,95,featured_gpu,main,0
2025-07-14 16:25:06.393872,enact,95,featured_gpu,worker1,0
2025-07-14 16:25:06.393873,enact,95,featured_gpu,worker2,0
2025-07-14 16:25:06.393875,enact,95,featured_gpu,worker3,0
2025-07-14 16:25:06.407791,enact,96,featured_carbon,m2,200
2025-07-14 16:25:06.407794,enact,96,featured_carbon,main,402
2025-07-14 16:25:06.407795,enact,96,featured_carbon,worker1,340
2025-07-14 16:25:06.407797,enact,96,featured_carbon,worker2,360
2025-07-14 16:25:06.407798,enact,96,featured_carbon,worker3,360
2025-07-14 16:25:06.408386,enact,96,featured_cpu,m2,7
2025-07-14 16:25:06.408388,enact,96,featured_cpu,main,7
2025-07-14 16:25:06.408390,enact,96,featured_cpu,worker1,7
2025-07-14 16:25:06.408391,enact,96,featured_cpu,worker2,7
2025-07-14 16:25:06.408393,enact,96,featured_cpu,worker3,7
2025-07-14 16:25:06.408447,enact,96,featured_ram,m2,8
2025-07-14 16:25:06.408449,enact,96,featured_ram,main,8
2025-07-14 16:25:06.408450,enact,96,featured_ram,worker1,8
2025-07-14 16:25:06.408452,enact,96,featured_ram,worker2,8
2025-07-14 16:25:06.408453,enact,96,featured_ram,worker3,8
2025-07-14 16:25:06.408503,enact,96,featured_storage,m2,512
2025-07-14 16:25:06.408505,enact,96,featured_storage,main,1024
2025-07-14 16:25:06.408507,enact,96,featured_storage,worker1,1024
2025-07-14 16:25:06.408509,enact,96,featured_storage,worker2,1024
2025-07-14 16:25:06.408510,enact,96,featured_storage,worker3,1024
2025-07-14 16:25:06.408567,enact,96,featured_gpu,m2,0
2025-07-14 16:25:06.408569,enact,96,featured_gpu,main,0
2025-07-14 16:25:06.408570,enact,96,featured_gpu,worker1,0
2025-07-14 16:25:06.408572,enact,96,featured_gpu,worker2,0
2025-07-14 16:25:06.408574,enact,96,featured_gpu,worker3,0
2025-07-14 16:25:06.422716,enact,97,featured_carbon,m2,200
2025-07-14 16:25:06.422719,enact,97,featured_carbon,main,402
2025-07-14 16:25:06.422720,enact,97,featured_carbon,worker1,340
2025-07-14 16:25:06.422722,enact,97,featured_carbon,worker2,360
2025-07-14 16:25:06.422724,enact,97,featured_carbon,worker3,360
2025-07-14 16:25:06.423149,enact,97,featured_cpu,m2,7
2025-07-14 16:25:06.423152,enact,97,featured_cpu,main,7
2025-07-14 16:25:06.423153,enact,97,featured_cpu,worker1,7
2025-07-14 16:25:06.423155,enact,97,featured_cpu,worker2,7
2025-07-14 16:25:06.423157,enact,97,featured_cpu,worker3,7
2025-07-14 16:25:06.423217,enact,97,featured_ram,m2,8
2025-07-14 16:25:06.423219,enact,97,featured_ram,main,8
2025-07-14 16:25:06.423221,enact,97,featured_ram,worker1,8
2025-07-14 16:25:06.423223,enact,97,featured_ram,worker2,8
2025-07-14 16:25:06.423224,enact,97,featured_ram,worker3,8
2025-07-14 16:25:06.423280,enact,97,featured_storage,m2,512
2025-07-14 16:25:06.423283,enact,97,featured_storage,main,1024
2025-07-14 16:25:06.423285,enact,97,featured_storage,worker1,1024
2025-07-14 16:25:06.423287,enact,97,featured_storage,worker2,1024
2025-07-14 16:25:06.423288,enact,97,featured_storage,worker3,1024
2025-07-14 16:25:06.423340,enact,97,featured_gpu,m2,0
2025-07-14 16:25:06.423342,enact,97,featured_gpu,main,0
2025-07-14 16:25:06.423344,enact,97,featured_gpu,worker1,0
2025-07-14 16:25:06.423346,enact,97,featured_gpu,worker2,0
2025-07-14 16:25:06.423347,enact,97,featured_gpu,worker3,0
2025-07-14 16:25:06.436507,enact,98,featured_carbon,m2,200
2025-07-14 16:25:06.436511,enact,98,featured_carbon,main,402
2025-07-14 16:25:06.436513,enact,98,featured_carbon,worker1,340
2025-07-14 16:25:06.436515,enact,98,featured_carbon,worker2,360
2025-07-14 16:25:06.436516,enact,98,featured_carbon,worker3,360
2025-07-14 16:25:06.437045,enact,98,featured_cpu,m2,7
2025-07-14 16:25:06.437048,enact,98,featured_cpu,main,7
2025-07-14 16:25:06.437049,enact,98,featured_cpu,worker1,7
2025-07-14 16:25:06.437051,enact,98,featured_cpu,worker2,7
2025-07-14 16:25:06.437053,enact,98,featured_cpu,worker3,7
2025-07-14 16:25:06.437115,enact,98,featured_ram,m2,8
2025-07-14 16:25:06.437117,enact,98,featured_ram,main,8
2025-07-14 16:25:06.437119,enact,98,featured_ram,worker1,8
2025-07-14 16:25:06.437120,enact,98,featured_ram,worker2,8
2025-07-14 16:25:06.437122,enact,98,featured_ram,worker3,8
2025-07-14 16:25:06.437187,enact,98,featured_storage,m2,512
2025-07-14 16:25:06.437190,enact,98,featured_storage,main,1024
2025-07-14 16:25:06.437192,enact,98,featured_storage,worker1,1024
2025-07-14 16:25:06.437193,enact,98,featured_storage,worker2,1024
2025-07-14 16:25:06.437195,enact,98,featured_storage,worker3,1024
2025-07-14 16:25:06.437250,enact,98,featured_gpu,m2,0
2025-07-14 16:25:06.437252,enact,98,featured_gpu,main,0
2025-07-14 16:25:06.437254,enact,98,featured_gpu,worker1,0
2025-07-14 16:25:06.437255,enact,98,featured_gpu,worker2,0
2025-07-14 16:25:06.437257,enact,98,featured_gpu,worker3,0
2025-07-14 16:25:06.452502,enact,99,featured_carbon,m2,200
2025-07-14 16:25:06.452505,enact,99,featured_carbon,main,402
2025-07-14 16:25:06.452506,enact,99,featured_carbon,worker1,340
2025-07-14 16:25:06.452508,enact,99,featured_carbon,worker2,360
2025-07-14 16:25:06.452510,enact,99,featured_carbon,worker3,360
2025-07-14 16:25:06.453026,enact,99,featured_cpu,m2,7
2025-07-14 16:25:06.453029,enact,99,featured_cpu,main,7
2025-07-14 16:25:06.453030,enact,99,featured_cpu,worker1,7
2025-07-14 16:25:06.453032,enact,99,featured_cpu,worker2,7
2025-07-14 16:25:06.453033,enact,99,featured_cpu,worker3,7
2025-07-14 16:25:06.453091,enact,99,featured_ram,m2,8
2025-07-14 16:25:06.453093,enact,99,featured_ram,main,8
2025-07-14 16:25:06.453095,enact,99,featured_ram,worker1,8
2025-07-14 16:25:06.453097,enact,99,featured_ram,worker2,8
2025-07-14 16:25:06.453098,enact,99,featured_ram,worker3,8
2025-07-14 16:25:06.453157,enact,99,featured_storage,m2,512
2025-07-14 16:25:06.453159,enact,99,featured_storage,main,1024
2025-07-14 16:25:06.453161,enact,99,featured_storage,worker1,1024
2025-07-14 16:25:06.453163,enact,99,featured_storage,worker2,1024
2025-07-14 16:25:06.453164,enact,99,featured_storage,worker3,1024
2025-07-14 16:25:06.453214,enact,99,featured_gpu,m2,0
2025-07-14 16:25:06.453217,enact,99,featured_gpu,main,0
2025-07-14 16:25:06.453218,enact,99,featured_gpu,worker1,0
2025-07-14 16:25:06.453220,enact,99,featured_gpu,worker2,0
2025-07-14 16:25:06.453221,enact,99,featured_gpu,worker3,0
2025-07-14 16:25:06.467396,enact,100,featured_carbon,m2,200
2025-07-14 16:25:06.467400,enact,100,featured_carbon,main,402
2025-07-14 16:25:06.467402,enact,100,featured_carbon,worker1,340
2025-07-14 16:25:06.467404,enact,100,featured_carbon,worker2,360
2025-07-14 16:25:06.467405,enact,100,featured_carbon,worker3,360
2025-07-14 16:25:06.467893,enact,100,featured_cpu,m2,7
2025-07-14 16:25:06.467896,enact,100,featured_cpu,main,7
2025-07-14 16:25:06.467898,enact,100,featured_cpu,worker1,7
2025-07-14 16:25:06.467899,enact,100,featured_cpu,worker2,7
2025-07-14 16:25:06.467901,enact,100,featured_cpu,worker3,7
2025-07-14 16:25:06.467973,enact,100,featured_ram,m2,8
2025-07-14 16:25:06.467975,enact,100,featured_ram,main,8
2025-07-14 16:25:06.467977,enact,100,featured_ram,worker1,8
2025-07-14 16:25:06.467979,enact,100,featured_ram,worker2,8
2025-07-14 16:25:06.467980,enact,100,featured_ram,worker3,8
2025-07-14 16:25:06.468037,enact,100,featured_storage,m2,512
2025-07-14 16:25:06.468040,enact,100,featured_storage,main,1024
2025-07-14 16:25:06.468042,enact,100,featured_storage,worker1,1024
2025-07-14 16:25:06.468043,enact,100,featured_storage,worker2,1024
2025-07-14 16:25:06.468045,enact,100,featured_storage,worker3,1024
2025-07-14 16:25:06.468097,enact,100,featured_gpu,m2,0
2025-07-14 16:25:06.468099,enact,100,featured_gpu,main,0
2025-07-14 16:25:06.468101,enact,100,featured_gpu,worker1,0
2025-07-14 16:25:06.468102,enact,100,featured_gpu,worker2,0
2025-07-14 16:25:06.468104,enact,100,featured_gpu,worker3,0
2025-07-14 16:25:06.482386,enact,101,featured_carbon,m2,200
2025-07-14 16:25:06.482388,enact,101,featured_carbon,main,402
2025-07-14 16:25:06.482390,enact,101,featured_carbon,worker1,340
2025-07-14 16:25:06.482391,enact,101,featured_carbon,worker2,360
2025-07-14 16:25:06.482393,enact,101,featured_carbon,worker3,360
2025-07-14 16:25:06.482922,enact,101,featured_cpu,m2,7
2025-07-14 16:25:06.482924,enact,101,featured_cpu,main,7
2025-07-14 16:25:06.482926,enact,101,featured_cpu,worker1,7
2025-07-14 16:25:06.482927,enact,101,featured_cpu,worker2,7
2025-07-14 16:25:06.482929,enact,101,featured_cpu,worker3,7
2025-07-14 16:25:06.482987,enact,101,featured_ram,m2,8
2025-07-14 16:25:06.482990,enact,101,featured_ram,main,8
2025-07-14 16:25:06.482991,enact,101,featured_ram,worker1,8
2025-07-14 16:25:06.482993,enact,101,featured_ram,worker2,8
2025-07-14 16:25:06.482995,enact,101,featured_ram,worker3,8
2025-07-14 16:25:06.483055,enact,101,featured_storage,m2,512
2025-07-14 16:25:06.483058,enact,101,featured_storage,main,1024
2025-07-14 16:25:06.483060,enact,101,featured_storage,worker1,1024
2025-07-14 16:25:06.483061,enact,101,featured_storage,worker2,1024
2025-07-14 16:25:06.483063,enact,101,featured_storage,worker3,1024
2025-07-14 16:25:06.483112,enact,101,featured_gpu,m2,0
2025-07-14 16:25:06.483114,enact,101,featured_gpu,main,0
2025-07-14 16:25:06.483116,enact,101,featured_gpu,worker1,0
2025-07-14 16:25:06.483117,enact,101,featured_gpu,worker2,0
2025-07-14 16:25:06.483119,enact,101,featured_gpu,worker3,0
2025-07-14 16:25:06.497346,enact,102,featured_carbon,m2,200
2025-07-14 16:25:06.497349,enact,102,featured_carbon,main,402
2025-07-14 16:25:06.497351,enact,102,featured_carbon,worker1,340
2025-07-14 16:25:06.497352,enact,102,featured_carbon,worker2,360
2025-07-14 16:25:06.497354,enact,102,featured_carbon,worker3,360
2025-07-14 16:25:06.497786,enact,102,featured_cpu,m2,7
2025-07-14 16:25:06.497788,enact,102,featured_cpu,main,7
2025-07-14 16:25:06.497790,enact,102,featured_cpu,worker1,7
2025-07-14 16:25:06.497792,enact,102,featured_cpu,worker2,7
2025-07-14 16:25:06.497793,enact,102,featured_cpu,worker3,7
2025-07-14 16:25:06.497849,enact,102,featured_ram,m2,8
2025-07-14 16:25:06.497852,enact,102,featured_ram,main,8
2025-07-14 16:25:06.497853,enact,102,featured_ram,worker1,8
2025-07-14 16:25:06.497855,enact,102,featured_ram,worker2,8
2025-07-14 16:25:06.497856,enact,102,featured_ram,worker3,8
2025-07-14 16:25:06.497905,enact,102,featured_storage,m2,512
2025-07-14 16:25:06.497907,enact,102,featured_storage,main,1024
2025-07-14 16:25:06.497909,enact,102,featured_storage,worker1,1024
2025-07-14 16:25:06.497910,enact,102,featured_storage,worker2,1024
2025-07-14 16:25:06.497912,enact,102,featured_storage,worker3,1024
2025-07-14 16:25:06.497978,enact,102,featured_gpu,m2,0
2025-07-14 16:25:06.497980,enact,102,featured_gpu,main,0
2025-07-14 16:25:06.497982,enact,102,featured_gpu,worker1,0
2025-07-14 16:25:06.497984,enact,102,featured_gpu,worker2,0
2025-07-14 16:25:06.497985,enact,102,featured_gpu,worker3,0
2025-07-14 16:25:06.511771,enact,103,featured_carbon,m2,200
2025-07-14 16:25:06.511774,enact,103,featured_carbon,main,402
2025-07-14 16:25:06.511776,enact,103,featured_carbon,worker1,340
2025-07-14 16:25:06.511778,enact,103,featured_carbon,worker2,360
2025-07-14 16:25:06.511779,enact,103,featured_carbon,worker3,360
2025-07-14 16:25:06.512329,enact,103,featured_cpu,m2,7
2025-07-14 16:25:06.512331,enact,103,featured_cpu,main,7
2025-07-14 16:25:06.512333,enact,103,featured_cpu,worker1,7
2025-07-14 16:25:06.512334,enact,103,featured_cpu,worker2,7
2025-07-14 16:25:06.512336,enact,103,featured_cpu,worker3,7
2025-07-14 16:25:06.512389,enact,103,featured_ram,m2,8
2025-07-14 16:25:06.512392,enact,103,featured_ram,main,8
2025-07-14 16:25:06.512393,enact,103,featured_ram,worker1,8
2025-07-14 16:25:06.512395,enact,103,featured_ram,worker2,8
2025-07-14 16:25:06.512396,enact,103,featured_ram,worker3,8
2025-07-14 16:25:06.512441,enact,103,featured_storage,m2,512
2025-07-14 16:25:06.512443,enact,103,featured_storage,main,1024
2025-07-14 16:25:06.512445,enact,103,featured_storage,worker1,1024
2025-07-14 16:25:06.512446,enact,103,featured_storage,worker2,1024
2025-07-14 16:25:06.512448,enact,103,featured_storage,worker3,1024
2025-07-14 16:25:06.512509,enact,103,featured_gpu,m2,0
2025-07-14 16:25:06.512511,enact,103,featured_gpu,main,0
2025-07-14 16:25:06.512513,enact,103,featured_gpu,worker1,0
2025-07-14 16:25:06.512514,enact,103,featured_gpu,worker2,0
2025-07-14 16:25:06.512516,enact,103,featured_gpu,worker3,0
2025-07-14 16:25:06.526510,enact,104,featured_carbon,m2,200
2025-07-14 16:25:06.526513,enact,104,featured_carbon,main,402
2025-07-14 16:25:06.526515,enact,104,featured_carbon,worker1,340
2025-07-14 16:25:06.526516,enact,104,featured_carbon,worker2,360
2025-07-14 16:25:06.526518,enact,104,featured_carbon,worker3,360
2025-07-14 16:25:06.526981,enact,104,featured_cpu,m2,7
2025-07-14 16:25:06.526984,enact,104,featured_cpu,main,7
2025-07-14 16:25:06.526985,enact,104,featured_cpu,worker1,7
2025-07-14 16:25:06.526987,enact,104,featured_cpu,worker2,7
2025-07-14 16:25:06.526989,enact,104,featured_cpu,worker3,7
2025-07-14 16:25:06.527045,enact,104,featured_ram,m2,8
2025-07-14 16:25:06.527048,enact,104,featured_ram,main,8
2025-07-14 16:25:06.527049,enact,104,featured_ram,worker1,8
2025-07-14 16:25:06.527051,enact,104,featured_ram,worker2,8
2025-07-14 16:25:06.527052,enact,104,featured_ram,worker3,8
2025-07-14 16:25:06.527122,enact,104,featured_storage,m2,512
2025-07-14 16:25:06.527124,enact,104,featured_storage,main,1024
2025-07-14 16:25:06.527126,enact,104,featured_storage,worker1,1024
2025-07-14 16:25:06.527128,enact,104,featured_storage,worker2,1024
2025-07-14 16:25:06.527129,enact,104,featured_storage,worker3,1024
2025-07-14 16:25:06.527182,enact,104,featured_gpu,m2,0
2025-07-14 16:25:06.527184,enact,104,featured_gpu,main,0
2025-07-14 16:25:06.527186,enact,104,featured_gpu,worker1,0
2025-07-14 16:25:06.527187,enact,104,featured_gpu,worker2,0
2025-07-14 16:25:06.527189,enact,104,featured_gpu,worker3,0
2025-07-14 16:25:06.541338,enact,105,featured_carbon,m2,200
2025-07-14 16:25:06.541341,enact,105,featured_carbon,main,402
2025-07-14 16:25:06.541343,enact,105,featured_carbon,worker1,340
2025-07-14 16:25:06.541345,enact,105,featured_carbon,worker2,360
2025-07-14 16:25:06.541347,enact,105,featured_carbon,worker3,360
2025-07-14 16:25:06.541846,enact,105,featured_cpu,m2,7
2025-07-14 16:25:06.541848,enact,105,featured_cpu,main,7
2025-07-14 16:25:06.541850,enact,105,featured_cpu,worker1,7
2025-07-14 16:25:06.541852,enact,105,featured_cpu,worker2,7
2025-07-14 16:25:06.541853,enact,105,featured_cpu,worker3,7
2025-07-14 16:25:06.541917,enact,105,featured_ram,m2,8
2025-07-14 16:25:06.541921,enact,105,featured_ram,main,8
2025-07-14 16:25:06.541922,enact,105,featured_ram,worker1,8
2025-07-14 16:25:06.541924,enact,105,featured_ram,worker2,8
2025-07-14 16:25:06.541926,enact,105,featured_ram,worker3,8
2025-07-14 16:25:06.541994,enact,105,featured_storage,m2,512
2025-07-14 16:25:06.541997,enact,105,featured_storage,main,1024
2025-07-14 16:25:06.541999,enact,105,featured_storage,worker1,1024
2025-07-14 16:25:06.542001,enact,105,featured_storage,worker2,1024
2025-07-14 16:25:06.542003,enact,105,featured_storage,worker3,1024
2025-07-14 16:25:06.542068,enact,105,featured_gpu,m2,0
2025-07-14 16:25:06.542072,enact,105,featured_gpu,main,0
2025-07-14 16:25:06.542074,enact,105,featured_gpu,worker1,0
2025-07-14 16:25:06.542076,enact,105,featured_gpu,worker2,0
2025-07-14 16:25:06.542077,enact,105,featured_gpu,worker3,0
2025-07-14 16:25:06.555437,enact,106,featured_carbon,m2,200
2025-07-14 16:25:06.555440,enact,106,featured_carbon,main,402
2025-07-14 16:25:06.555442,enact,106,featured_carbon,worker1,340
2025-07-14 16:25:06.555444,enact,106,featured_carbon,worker2,360
2025-07-14 16:25:06.555445,enact,106,featured_carbon,worker3,360
2025-07-14 16:25:06.555933,enact,106,featured_cpu,m2,7
2025-07-14 16:25:06.555936,enact,106,featured_cpu,main,7
2025-07-14 16:25:06.555938,enact,106,featured_cpu,worker1,7
2025-07-14 16:25:06.555939,enact,106,featured_cpu,worker2,7
2025-07-14 16:25:06.555941,enact,106,featured_cpu,worker3,7
2025-07-14 16:25:06.555988,enact,106,featured_ram,m2,8
2025-07-14 16:25:06.555990,enact,106,featured_ram,main,8
2025-07-14 16:25:06.555992,enact,106,featured_ram,worker1,8
2025-07-14 16:25:06.555993,enact,106,featured_ram,worker2,8
2025-07-14 16:25:06.555995,enact,106,featured_ram,worker3,8
2025-07-14 16:25:06.556042,enact,106,featured_storage,m2,512
2025-07-14 16:25:06.556044,enact,106,featured_storage,main,1024
2025-07-14 16:25:06.556046,enact,106,featured_storage,worker1,1024
2025-07-14 16:25:06.556048,enact,106,featured_storage,worker2,1024
2025-07-14 16:25:06.556049,enact,106,featured_storage,worker3,1024
2025-07-14 16:25:06.556097,enact,106,featured_gpu,m2,0
2025-07-14 16:25:06.556099,enact,106,featured_gpu,main,0
2025-07-14 16:25:06.556101,enact,106,featured_gpu,worker1,0
2025-07-14 16:25:06.556102,enact,106,featured_gpu,worker2,0
2025-07-14 16:25:06.556103,enact,106,featured_gpu,worker3,0
2025-07-14 16:25:06.569931,enact,107,featured_carbon,m2,200
2025-07-14 16:25:06.569934,enact,107,featured_carbon,main,402
2025-07-14 16:25:06.569936,enact,107,featured_carbon,worker1,340
2025-07-14 16:25:06.569937,enact,107,featured_carbon,worker2,360
2025-07-14 16:25:06.569939,enact,107,featured_carbon,worker3,360
2025-07-14 16:25:06.570412,enact,107,featured_cpu,m2,7
2025-07-14 16:25:06.570414,enact,107,featured_cpu,main,7
2025-07-14 16:25:06.570416,enact,107,featured_cpu,worker1,7
2025-07-14 16:25:06.570417,enact,107,featured_cpu,worker2,7
2025-07-14 16:25:06.570419,enact,107,featured_cpu,worker3,7
2025-07-14 16:25:06.570480,enact,107,featured_ram,m2,8
2025-07-14 16:25:06.570483,enact,107,featured_ram,main,8
2025-07-14 16:25:06.570485,enact,107,featured_ram,worker1,8
2025-07-14 16:25:06.570487,enact,107,featured_ram,worker2,8
2025-07-14 16:25:06.570489,enact,107,featured_ram,worker3,8
2025-07-14 16:25:06.570538,enact,107,featured_storage,m2,512
2025-07-14 16:25:06.570540,enact,107,featured_storage,main,1024
2025-07-14 16:25:06.570542,enact,107,featured_storage,worker1,1024
2025-07-14 16:25:06.570544,enact,107,featured_storage,worker2,1024
2025-07-14 16:25:06.570545,enact,107,featured_storage,worker3,1024
2025-07-14 16:25:06.570611,enact,107,featured_gpu,m2,0
2025-07-14 16:25:06.570615,enact,107,featured_gpu,main,0
2025-07-14 16:25:06.570616,enact,107,featured_gpu,worker1,0
2025-07-14 16:25:06.570618,enact,107,featured_gpu,worker2,0
2025-07-14 16:25:06.570619,enact,107,featured_gpu,worker3,0
2025-07-14 16:25:06.584224,enact,108,featured_carbon,m2,200
2025-07-14 16:25:06.584227,enact,108,featured_carbon,main,402
2025-07-14 16:25:06.584228,enact,108,featured_carbon,worker1,340
2025-07-14 16:25:06.584230,enact,108,featured_carbon,worker2,360
2025-07-14 16:25:06.584231,enact,108,featured_carbon,worker3,360
2025-07-14 16:25:06.584738,enact,108,featured_cpu,m2,7
2025-07-14 16:25:06.584741,enact,108,featured_cpu,main,7
2025-07-14 16:25:06.584742,enact,108,featured_cpu,worker1,7
2025-07-14 16:25:06.584744,enact,108,featured_cpu,worker2,7
2025-07-14 16:25:06.584745,enact,108,featured_cpu,worker3,7
2025-07-14 16:25:06.584798,enact,108,featured_ram,m2,8
2025-07-14 16:25:06.584800,enact,108,featured_ram,main,8
2025-07-14 16:25:06.584802,enact,108,featured_ram,worker1,8
2025-07-14 16:25:06.584803,enact,108,featured_ram,worker2,8
2025-07-14 16:25:06.584805,enact,108,featured_ram,worker3,8
2025-07-14 16:25:06.584863,enact,108,featured_storage,m2,512
2025-07-14 16:25:06.584866,enact,108,featured_storage,main,1024
2025-07-14 16:25:06.584868,enact,108,featured_storage,worker1,1024
2025-07-14 16:25:06.584870,enact,108,featured_storage,worker2,1024
2025-07-14 16:25:06.584871,enact,108,featured_storage,worker3,1024
2025-07-14 16:25:06.584927,enact,108,featured_gpu,m2,0
2025-07-14 16:25:06.584930,enact,108,featured_gpu,main,0
2025-07-14 16:25:06.584931,enact,108,featured_gpu,worker1,0
2025-07-14 16:25:06.584933,enact,108,featured_gpu,worker2,0
2025-07-14 16:25:06.584934,enact,108,featured_gpu,worker3,0
2025-07-14 16:25:06.599282,enact,109,featured_carbon,m2,200
2025-07-14 16:25:06.599285,enact,109,featured_carbon,main,402
2025-07-14 16:25:06.599286,enact,109,featured_carbon,worker1,340
2025-07-14 16:25:06.599288,enact,109,featured_carbon,worker2,360
2025-07-14 16:25:06.599289,enact,109,featured_carbon,worker3,360
2025-07-14 16:25:06.599759,enact,109,featured_cpu,m2,7
2025-07-14 16:25:06.599762,enact,109,featured_cpu,main,7
2025-07-14 16:25:06.599763,enact,109,featured_cpu,worker1,7
2025-07-14 16:25:06.599765,enact,109,featured_cpu,worker2,7
2025-07-14 16:25:06.599767,enact,109,featured_cpu,worker3,7
2025-07-14 16:25:06.599829,enact,109,featured_ram,m2,8
2025-07-14 16:25:06.599831,enact,109,featured_ram,main,8
2025-07-14 16:25:06.599833,enact,109,featured_ram,worker1,8
2025-07-14 16:25:06.599834,enact,109,featured_ram,worker2,8
2025-07-14 16:25:06.599836,enact,109,featured_ram,worker3,8
2025-07-14 16:25:06.599879,enact,109,featured_storage,m2,512
2025-07-14 16:25:06.599882,enact,109,featured_storage,main,1024
2025-07-14 16:25:06.599883,enact,109,featured_storage,worker1,1024
2025-07-14 16:25:06.599885,enact,109,featured_storage,worker2,1024
2025-07-14 16:25:06.599886,enact,109,featured_storage,worker3,1024
2025-07-14 16:25:06.599957,enact,109,featured_gpu,m2,0
2025-07-14 16:25:06.599961,enact,109,featured_gpu,main,0
2025-07-14 16:25:06.599962,enact,109,featured_gpu,worker1,0
2025-07-14 16:25:06.599964,enact,109,featured_gpu,worker2,0
2025-07-14 16:25:06.599966,enact,109,featured_gpu,worker3,0
2025-07-14 16:25:06.613099,enact,110,featured_carbon,m2,200
2025-07-14 16:25:06.613103,enact,110,featured_carbon,main,402
2025-07-14 16:25:06.613104,enact,110,featured_carbon,worker1,340
2025-07-14 16:25:06.613106,enact,110,featured_carbon,worker2,360
2025-07-14 16:25:06.613108,enact,110,featured_carbon,worker3,360
2025-07-14 16:25:06.613570,enact,110,featured_cpu,m2,7
2025-07-14 16:25:06.613572,enact,110,featured_cpu,main,7
2025-07-14 16:25:06.613574,enact,110,featured_cpu,worker1,7
2025-07-14 16:25:06.613575,enact,110,featured_cpu,worker2,7
2025-07-14 16:25:06.613577,enact,110,featured_cpu,worker3,7
2025-07-14 16:25:06.613633,enact,110,featured_ram,m2,8
2025-07-14 16:25:06.613636,enact,110,featured_ram,main,8
2025-07-14 16:25:06.613637,enact,110,featured_ram,worker1,8
2025-07-14 16:25:06.613639,enact,110,featured_ram,worker2,8
2025-07-14 16:25:06.613640,enact,110,featured_ram,worker3,8
2025-07-14 16:25:06.613685,enact,110,featured_storage,m2,512
2025-07-14 16:25:06.613687,enact,110,featured_storage,main,1024
2025-07-14 16:25:06.613689,enact,110,featured_storage,worker1,1024
2025-07-14 16:25:06.613690,enact,110,featured_storage,worker2,1024
2025-07-14 16:25:06.613692,enact,110,featured_storage,worker3,1024
2025-07-14 16:25:06.613756,enact,110,featured_gpu,m2,0
2025-07-14 16:25:06.613759,enact,110,featured_gpu,main,0
2025-07-14 16:25:06.613761,enact,110,featured_gpu,worker1,0
2025-07-14 16:25:06.613762,enact,110,featured_gpu,worker2,0
2025-07-14 16:25:06.613764,enact,110,featured_gpu,worker3,0
2025-07-14 16:25:06.627426,enact,111,featured_carbon,m2,200
2025-07-14 16:25:06.627430,enact,111,featured_carbon,main,402
2025-07-14 16:25:06.627432,enact,111,featured_carbon,worker1,340
2025-07-14 16:25:06.627433,enact,111,featured_carbon,worker2,360
2025-07-14 16:25:06.627435,enact,111,featured_carbon,worker3,360
2025-07-14 16:25:06.627909,enact,111,featured_cpu,m2,7
2025-07-14 16:25:06.627912,enact,111,featured_cpu,main,7
2025-07-14 16:25:06.627914,enact,111,featured_cpu,worker1,7
2025-07-14 16:25:06.627915,enact,111,featured_cpu,worker2,7
2025-07-14 16:25:06.627917,enact,111,featured_cpu,worker3,7
2025-07-14 16:25:06.627975,enact,111,featured_ram,m2,8
2025-07-14 16:25:06.627978,enact,111,featured_ram,main,8
2025-07-14 16:25:06.627979,enact,111,featured_ram,worker1,8
2025-07-14 16:25:06.627981,enact,111,featured_ram,worker2,8
2025-07-14 16:25:06.627983,enact,111,featured_ram,worker3,8
2025-07-14 16:25:06.628052,enact,111,featured_storage,m2,512
2025-07-14 16:25:06.628054,enact,111,featured_storage,main,1024
2025-07-14 16:25:06.628056,enact,111,featured_storage,worker1,1024
2025-07-14 16:25:06.628058,enact,111,featured_storage,worker2,1024
2025-07-14 16:25:06.628060,enact,111,featured_storage,worker3,1024
2025-07-14 16:25:06.628115,enact,111,featured_gpu,m2,0
2025-07-14 16:25:06.628118,enact,111,featured_gpu,main,0
2025-07-14 16:25:06.628119,enact,111,featured_gpu,worker1,0
2025-07-14 16:25:06.628121,enact,111,featured_gpu,worker2,0
2025-07-14 16:25:06.628122,enact,111,featured_gpu,worker3,0
2025-07-14 16:25:06.642412,enact,112,featured_carbon,m2,200
2025-07-14 16:25:06.642415,enact,112,featured_carbon,main,402
2025-07-14 16:25:06.642417,enact,112,featured_carbon,worker1,340
2025-07-14 16:25:06.642419,enact,112,featured_carbon,worker2,360
2025-07-14 16:25:06.642420,enact,112,featured_carbon,worker3,360
2025-07-14 16:25:06.642954,enact,112,featured_cpu,m2,7
2025-07-14 16:25:06.642956,enact,112,featured_cpu,main,7
2025-07-14 16:25:06.642958,enact,112,featured_cpu,worker1,7
2025-07-14 16:25:06.642960,enact,112,featured_cpu,worker2,7
2025-07-14 16:25:06.642961,enact,112,featured_cpu,worker3,7
2025-07-14 16:25:06.643010,enact,112,featured_ram,m2,8
2025-07-14 16:25:06.643012,enact,112,featured_ram,main,8
2025-07-14 16:25:06.643014,enact,112,featured_ram,worker1,8
2025-07-14 16:25:06.643015,enact,112,featured_ram,worker2,8
2025-07-14 16:25:06.643017,enact,112,featured_ram,worker3,8
2025-07-14 16:25:06.643065,enact,112,featured_storage,m2,512
2025-07-14 16:25:06.643067,enact,112,featured_storage,main,1024
2025-07-14 16:25:06.643069,enact,112,featured_storage,worker1,1024
2025-07-14 16:25:06.643071,enact,112,featured_storage,worker2,1024
2025-07-14 16:25:06.643072,enact,112,featured_storage,worker3,1024
2025-07-14 16:25:06.643125,enact,112,featured_gpu,m2,0
2025-07-14 16:25:06.643127,enact,112,featured_gpu,main,0
2025-07-14 16:25:06.643129,enact,112,featured_gpu,worker1,0
2025-07-14 16:25:06.643131,enact,112,featured_gpu,worker2,0
2025-07-14 16:25:06.643132,enact,112,featured_gpu,worker3,0
2025-07-14 16:25:06.656307,enact,113,featured_carbon,m2,200
2025-07-14 16:25:06.656310,enact,113,featured_carbon,main,402
2025-07-14 16:25:06.656311,enact,113,featured_carbon,worker1,340
2025-07-14 16:25:06.656313,enact,113,featured_carbon,worker2,360
2025-07-14 16:25:06.656315,enact,113,featured_carbon,worker3,360
2025-07-14 16:25:06.656783,enact,113,featured_cpu,m2,7
2025-07-14 16:25:06.656786,enact,113,featured_cpu,main,7
2025-07-14 16:25:06.656788,enact,113,featured_cpu,worker1,7
2025-07-14 16:25:06.656790,enact,113,featured_cpu,worker2,7
2025-07-14 16:25:06.656791,enact,113,featured_cpu,worker3,7
2025-07-14 16:25:06.656936,enact,113,featured_ram,m2,8
2025-07-14 16:25:06.656939,enact,113,featured_ram,main,8
2025-07-14 16:25:06.656941,enact,113,featured_ram,worker1,8
2025-07-14 16:25:06.656942,enact,113,featured_ram,worker2,8
2025-07-14 16:25:06.656944,enact,113,featured_ram,worker3,8
2025-07-14 16:25:06.657053,enact,113,featured_storage,m2,512
2025-07-14 16:25:06.657058,enact,113,featured_storage,main,1024
2025-07-14 16:25:06.657061,enact,113,featured_storage,worker1,1024
2025-07-14 16:25:06.657062,enact,113,featured_storage,worker2,1024
2025-07-14 16:25:06.657064,enact,113,featured_storage,worker3,1024
2025-07-14 16:25:06.657149,enact,113,featured_gpu,m2,0
2025-07-14 16:25:06.657153,enact,113,featured_gpu,main,0
2025-07-14 16:25:06.657154,enact,113,featured_gpu,worker1,0
2025-07-14 16:25:06.657156,enact,113,featured_gpu,worker2,0
2025-07-14 16:25:06.657158,enact,113,featured_gpu,worker3,0
2025-07-14 16:25:06.671496,enact,114,featured_carbon,m2,200
2025-07-14 16:25:06.671499,enact,114,featured_carbon,main,402
2025-07-14 16:25:06.671500,enact,114,featured_carbon,worker1,340
2025-07-14 16:25:06.671502,enact,114,featured_carbon,worker2,360
2025-07-14 16:25:06.671503,enact,114,featured_carbon,worker3,360
2025-07-14 16:25:06.672033,enact,114,featured_cpu,m2,7
2025-07-14 16:25:06.672036,enact,114,featured_cpu,main,7
2025-07-14 16:25:06.672037,enact,114,featured_cpu,worker1,7
2025-07-14 16:25:06.672039,enact,114,featured_cpu,worker2,7
2025-07-14 16:25:06.672041,enact,114,featured_cpu,worker3,7
2025-07-14 16:25:06.672105,enact,114,featured_ram,m2,8
2025-07-14 16:25:06.672107,enact,114,featured_ram,main,8
2025-07-14 16:25:06.672109,enact,114,featured_ram,worker1,8
2025-07-14 16:25:06.672110,enact,114,featured_ram,worker2,8
2025-07-14 16:25:06.672112,enact,114,featured_ram,worker3,8
2025-07-14 16:25:06.672172,enact,114,featured_storage,m2,512
2025-07-14 16:25:06.672174,enact,114,featured_storage,main,1024
2025-07-14 16:25:06.672176,enact,114,featured_storage,worker1,1024
2025-07-14 16:25:06.672178,enact,114,featured_storage,worker2,1024
2025-07-14 16:25:06.672179,enact,114,featured_storage,worker3,1024
2025-07-14 16:25:06.672242,enact,114,featured_gpu,m2,0
2025-07-14 16:25:06.672244,enact,114,featured_gpu,main,0
2025-07-14 16:25:06.672246,enact,114,featured_gpu,worker1,0
2025-07-14 16:25:06.672247,enact,114,featured_gpu,worker2,0
2025-07-14 16:25:06.672249,enact,114,featured_gpu,worker3,0
2025-07-14 16:25:06.686409,enact,115,featured_carbon,m2,200
2025-07-14 16:25:06.686413,enact,115,featured_carbon,main,402
2025-07-14 16:25:06.686414,enact,115,featured_carbon,worker1,340
2025-07-14 16:25:06.686416,enact,115,featured_carbon,worker2,360
2025-07-14 16:25:06.686417,enact,115,featured_carbon,worker3,360
2025-07-14 16:25:06.686886,enact,115,featured_cpu,m2,7
2025-07-14 16:25:06.686888,enact,115,featured_cpu,main,7
2025-07-14 16:25:06.686890,enact,115,featured_cpu,worker1,7
2025-07-14 16:25:06.686892,enact,115,featured_cpu,worker2,7
2025-07-14 16:25:06.686893,enact,115,featured_cpu,worker3,7
2025-07-14 16:25:06.686944,enact,115,featured_ram,m2,8
2025-07-14 16:25:06.686946,enact,115,featured_ram,main,8
2025-07-14 16:25:06.686948,enact,115,featured_ram,worker1,8
2025-07-14 16:25:06.686950,enact,115,featured_ram,worker2,8
2025-07-14 16:25:06.686951,enact,115,featured_ram,worker3,8
2025-07-14 16:25:06.687011,enact,115,featured_storage,m2,512
2025-07-14 16:25:06.687014,enact,115,featured_storage,main,1024
2025-07-14 16:25:06.687016,enact,115,featured_storage,worker1,1024
2025-07-14 16:25:06.687018,enact,115,featured_storage,worker2,1024
2025-07-14 16:25:06.687019,enact,115,featured_storage,worker3,1024
2025-07-14 16:25:06.687081,enact,115,featured_gpu,m2,0
2025-07-14 16:25:06.687084,enact,115,featured_gpu,main,0
2025-07-14 16:25:06.687086,enact,115,featured_gpu,worker1,0
2025-07-14 16:25:06.687087,enact,115,featured_gpu,worker2,0
2025-07-14 16:25:06.687089,enact,115,featured_gpu,worker3,0
2025-07-14 16:25:06.701297,enact,116,featured_carbon,m2,200
2025-07-14 16:25:06.701300,enact,116,featured_carbon,main,402
2025-07-14 16:25:06.701302,enact,116,featured_carbon,worker1,340
2025-07-14 16:25:06.701303,enact,116,featured_carbon,worker2,360
2025-07-14 16:25:06.701305,enact,116,featured_carbon,worker3,360
2025-07-14 16:25:06.701790,enact,116,featured_cpu,m2,7
2025-07-14 16:25:06.701792,enact,116,featured_cpu,main,7
2025-07-14 16:25:06.701794,enact,116,featured_cpu,worker1,7
2025-07-14 16:25:06.701796,enact,116,featured_cpu,worker2,7
2025-07-14 16:25:06.701797,enact,116,featured_cpu,worker3,7
2025-07-14 16:25:06.701864,enact,116,featured_ram,m2,8
2025-07-14 16:25:06.701868,enact,116,featured_ram,main,8
2025-07-14 16:25:06.701870,enact,116,featured_ram,worker1,8
2025-07-14 16:25:06.701871,enact,116,featured_ram,worker2,8
2025-07-14 16:25:06.701873,enact,116,featured_ram,worker3,8
2025-07-14 16:25:06.701932,enact,116,featured_storage,m2,512
2025-07-14 16:25:06.701935,enact,116,featured_storage,main,1024
2025-07-14 16:25:06.701936,enact,116,featured_storage,worker1,1024
2025-07-14 16:25:06.701938,enact,116,featured_storage,worker2,1024
2025-07-14 16:25:06.701939,enact,116,featured_storage,worker3,1024
2025-07-14 16:25:06.701994,enact,116,featured_gpu,m2,0
2025-07-14 16:25:06.701997,enact,116,featured_gpu,main,0
2025-07-14 16:25:06.701998,enact,116,featured_gpu,worker1,0
2025-07-14 16:25:06.702000,enact,116,featured_gpu,worker2,0
2025-07-14 16:25:06.702001,enact,116,featured_gpu,worker3,0
2025-07-14 16:25:06.736745,enact,117,featured_carbon,m2,200
2025-07-14 16:25:06.736751,enact,117,featured_carbon,main,402
2025-07-14 16:25:06.736753,enact,117,featured_carbon,worker1,340
2025-07-14 16:25:06.736755,enact,117,featured_carbon,worker2,360
2025-07-14 16:25:06.736757,enact,117,featured_carbon,worker3,360
2025-07-14 16:25:06.737446,enact,117,featured_cpu,m2,7
2025-07-14 16:25:06.737449,enact,117,featured_cpu,main,7
2025-07-14 16:25:06.737451,enact,117,featured_cpu,worker1,7
2025-07-14 16:25:06.737452,enact,117,featured_cpu,worker2,7
2025-07-14 16:25:06.737454,enact,117,featured_cpu,worker3,7
2025-07-14 16:25:06.737524,enact,117,featured_ram,m2,8
2025-07-14 16:25:06.737526,enact,117,featured_ram,main,8
2025-07-14 16:25:06.737528,enact,117,featured_ram,worker1,8
2025-07-14 16:25:06.737530,enact,117,featured_ram,worker2,8
2025-07-14 16:25:06.737531,enact,117,featured_ram,worker3,8
2025-07-14 16:25:06.737601,enact,117,featured_storage,m2,512
2025-07-14 16:25:06.737604,enact,117,featured_storage,main,1024
2025-07-14 16:25:06.737606,enact,117,featured_storage,worker1,1024
2025-07-14 16:25:06.737607,enact,117,featured_storage,worker2,1024
2025-07-14 16:25:06.737609,enact,117,featured_storage,worker3,1024
2025-07-14 16:25:06.737678,enact,117,featured_gpu,m2,0
2025-07-14 16:25:06.737681,enact,117,featured_gpu,main,0
2025-07-14 16:25:06.737683,enact,117,featured_gpu,worker1,0
2025-07-14 16:25:06.737684,enact,117,featured_gpu,worker2,0
2025-07-14 16:25:06.737686,enact,117,featured_gpu,worker3,0
2025-07-14 16:25:06.751976,enact,118,featured_carbon,m2,200
2025-07-14 16:25:06.751981,enact,118,featured_carbon,main,402
2025-07-14 16:25:06.751983,enact,118,featured_carbon,worker1,340
2025-07-14 16:25:06.751984,enact,118,featured_carbon,worker2,360
2025-07-14 16:25:06.751986,enact,118,featured_carbon,worker3,360
2025-07-14 16:25:06.752509,enact,118,featured_cpu,m2,7
2025-07-14 16:25:06.752511,enact,118,featured_cpu,main,7
2025-07-14 16:25:06.752513,enact,118,featured_cpu,worker1,7
2025-07-14 16:25:06.752514,enact,118,featured_cpu,worker2,7
2025-07-14 16:25:06.752516,enact,118,featured_cpu,worker3,7
2025-07-14 16:25:06.752574,enact,118,featured_ram,m2,8
2025-07-14 16:25:06.752576,enact,118,featured_ram,main,8
2025-07-14 16:25:06.752577,enact,118,featured_ram,worker1,8
2025-07-14 16:25:06.752579,enact,118,featured_ram,worker2,8
2025-07-14 16:25:06.752580,enact,118,featured_ram,worker3,8
2025-07-14 16:25:06.752655,enact,118,featured_storage,m2,512
2025-07-14 16:25:06.752658,enact,118,featured_storage,main,1024
2025-07-14 16:25:06.752660,enact,118,featured_storage,worker1,1024
2025-07-14 16:25:06.752661,enact,118,featured_storage,worker2,1024
2025-07-14 16:25:06.752663,enact,118,featured_storage,worker3,1024
2025-07-14 16:25:06.752720,enact,118,featured_gpu,m2,0
2025-07-14 16:25:06.752722,enact,118,featured_gpu,main,0
2025-07-14 16:25:06.752724,enact,118,featured_gpu,worker1,0
2025-07-14 16:25:06.752725,enact,118,featured_gpu,worker2,0
2025-07-14 16:25:06.752727,enact,118,featured_gpu,worker3,0
2025-07-14 16:25:06.766938,enact,119,featured_carbon,m2,200
2025-07-14 16:25:06.766940,enact,119,featured_carbon,main,402
2025-07-14 16:25:06.766942,enact,119,featured_carbon,worker1,340
2025-07-14 16:25:06.766944,enact,119,featured_carbon,worker2,360
2025-07-14 16:25:06.766945,enact,119,featured_carbon,worker3,360
2025-07-14 16:25:06.767479,enact,119,featured_cpu,m2,7
2025-07-14 16:25:06.767482,enact,119,featured_cpu,main,7
2025-07-14 16:25:06.767484,enact,119,featured_cpu,worker1,7
2025-07-14 16:25:06.767485,enact,119,featured_cpu,worker2,7
2025-07-14 16:25:06.767487,enact,119,featured_cpu,worker3,7
2025-07-14 16:25:06.767557,enact,119,featured_ram,m2,8
2025-07-14 16:25:06.767559,enact,119,featured_ram,main,8
2025-07-14 16:25:06.767561,enact,119,featured_ram,worker1,8
2025-07-14 16:25:06.767563,enact,119,featured_ram,worker2,8
2025-07-14 16:25:06.767564,enact,119,featured_ram,worker3,8
2025-07-14 16:25:06.767617,enact,119,featured_storage,m2,512
2025-07-14 16:25:06.767620,enact,119,featured_storage,main,1024
2025-07-14 16:25:06.767621,enact,119,featured_storage,worker1,1024
2025-07-14 16:25:06.767623,enact,119,featured_storage,worker2,1024
2025-07-14 16:25:06.767625,enact,119,featured_storage,worker3,1024
2025-07-14 16:25:06.767692,enact,119,featured_gpu,m2,0
2025-07-14 16:25:06.767695,enact,119,featured_gpu,main,0
2025-07-14 16:25:06.767697,enact,119,featured_gpu,worker1,0
2025-07-14 16:25:06.767698,enact,119,featured_gpu,worker2,0
2025-07-14 16:25:06.767700,enact,119,featured_gpu,worker3,0
2025-07-14 16:25:06.782074,enact,120,featured_carbon,m2,200
2025-07-14 16:25:06.782077,enact,120,featured_carbon,main,402
2025-07-14 16:25:06.782078,enact,120,featured_carbon,worker1,340
2025-07-14 16:25:06.782080,enact,120,featured_carbon,worker2,360
2025-07-14 16:25:06.782081,enact,120,featured_carbon,worker3,360
2025-07-14 16:25:06.782571,enact,120,featured_cpu,m2,7
2025-07-14 16:25:06.782574,enact,120,featured_cpu,main,7
2025-07-14 16:25:06.782575,enact,120,featured_cpu,worker1,7
2025-07-14 16:25:06.782577,enact,120,featured_cpu,worker2,7
2025-07-14 16:25:06.782579,enact,120,featured_cpu,worker3,7
2025-07-14 16:25:06.782627,enact,120,featured_ram,m2,8
2025-07-14 16:25:06.782629,enact,120,featured_ram,main,8
2025-07-14 16:25:06.782631,enact,120,featured_ram,worker1,8
2025-07-14 16:25:06.782632,enact,120,featured_ram,worker2,8
2025-07-14 16:25:06.782634,enact,120,featured_ram,worker3,8
2025-07-14 16:25:06.782695,enact,120,featured_storage,m2,512
2025-07-14 16:25:06.782697,enact,120,featured_storage,main,1024
2025-07-14 16:25:06.782699,enact,120,featured_storage,worker1,1024
2025-07-14 16:25:06.782700,enact,120,featured_storage,worker2,1024
2025-07-14 16:25:06.782702,enact,120,featured_storage,worker3,1024
2025-07-14 16:25:06.782751,enact,120,featured_gpu,m2,0
2025-07-14 16:25:06.782753,enact,120,featured_gpu,main,0
2025-07-14 16:25:06.782755,enact,120,featured_gpu,worker1,0
2025-07-14 16:25:06.782756,enact,120,featured_gpu,worker2,0
2025-07-14 16:25:06.782758,enact,120,featured_gpu,worker3,0
2025-07-14 16:25:06.796012,enact,121,featured_carbon,m2,200
2025-07-14 16:25:06.796014,enact,121,featured_carbon,main,402
2025-07-14 16:25:06.796016,enact,121,featured_carbon,worker1,340
2025-07-14 16:25:06.796017,enact,121,featured_carbon,worker2,360
2025-07-14 16:25:06.796019,enact,121,featured_carbon,worker3,360
2025-07-14 16:25:06.796489,enact,121,featured_cpu,m2,7
2025-07-14 16:25:06.796492,enact,121,featured_cpu,main,7
2025-07-14 16:25:06.796494,enact,121,featured_cpu,worker1,7
2025-07-14 16:25:06.796495,enact,121,featured_cpu,worker2,7
2025-07-14 16:25:06.796497,enact,121,featured_cpu,worker3,7
2025-07-14 16:25:06.796574,enact,121,featured_ram,m2,8
2025-07-14 16:25:06.796578,enact,121,featured_ram,main,8
2025-07-14 16:25:06.796580,enact,121,featured_ram,worker1,8
2025-07-14 16:25:06.796582,enact,121,featured_ram,worker2,8
2025-07-14 16:25:06.796584,enact,121,featured_ram,worker3,8
2025-07-14 16:25:06.796643,enact,121,featured_storage,m2,512
2025-07-14 16:25:06.796646,enact,121,featured_storage,main,1024
2025-07-14 16:25:06.796648,enact,121,featured_storage,worker1,1024
2025-07-14 16:25:06.796650,enact,121,featured_storage,worker2,1024
2025-07-14 16:25:06.796651,enact,121,featured_storage,worker3,1024
2025-07-14 16:25:06.796701,enact,121,featured_gpu,m2,0
2025-07-14 16:25:06.796703,enact,121,featured_gpu,main,0
2025-07-14 16:25:06.796705,enact,121,featured_gpu,worker1,0
2025-07-14 16:25:06.796706,enact,121,featured_gpu,worker2,0
2025-07-14 16:25:06.796708,enact,121,featured_gpu,worker3,0
2025-07-14 16:25:06.810272,enact,122,featured_carbon,m2,200
2025-07-14 16:25:06.810275,enact,122,featured_carbon,main,402
2025-07-14 16:25:06.810276,enact,122,featured_carbon,worker1,340
2025-07-14 16:25:06.810278,enact,122,featured_carbon,worker2,360
2025-07-14 16:25:06.810279,enact,122,featured_carbon,worker3,360
2025-07-14 16:25:06.810753,enact,122,featured_cpu,m2,7
2025-07-14 16:25:06.810756,enact,122,featured_cpu,main,7
2025-07-14 16:25:06.810758,enact,122,featured_cpu,worker1,7
2025-07-14 16:25:06.810760,enact,122,featured_cpu,worker2,7
2025-07-14 16:25:06.810761,enact,122,featured_cpu,worker3,7
2025-07-14 16:25:06.810818,enact,122,featured_ram,m2,8
2025-07-14 16:25:06.810821,enact,122,featured_ram,main,8
2025-07-14 16:25:06.810822,enact,122,featured_ram,worker1,8
2025-07-14 16:25:06.810824,enact,122,featured_ram,worker2,8
2025-07-14 16:25:06.810825,enact,122,featured_ram,worker3,8
2025-07-14 16:25:06.810884,enact,122,featured_storage,m2,512
2025-07-14 16:25:06.810887,enact,122,featured_storage,main,1024
2025-07-14 16:25:06.810888,enact,122,featured_storage,worker1,1024
2025-07-14 16:25:06.810890,enact,122,featured_storage,worker2,1024
2025-07-14 16:25:06.810892,enact,122,featured_storage,worker3,1024
2025-07-14 16:25:06.810943,enact,122,featured_gpu,m2,0
2025-07-14 16:25:06.810945,enact,122,featured_gpu,main,0
2025-07-14 16:25:06.810947,enact,122,featured_gpu,worker1,0
2025-07-14 16:25:06.810948,enact,122,featured_gpu,worker2,0
2025-07-14 16:25:06.810950,enact,122,featured_gpu,worker3,0
2025-07-14 16:25:06.825092,enact,123,featured_carbon,m2,200
2025-07-14 16:25:06.825095,enact,123,featured_carbon,main,402
2025-07-14 16:25:06.825096,enact,123,featured_carbon,worker1,340
2025-07-14 16:25:06.825098,enact,123,featured_carbon,worker2,360
2025-07-14 16:25:06.825100,enact,123,featured_carbon,worker3,360
2025-07-14 16:25:06.825741,enact,123,featured_cpu,m2,7
2025-07-14 16:25:06.825744,enact,123,featured_cpu,main,7
2025-07-14 16:25:06.825746,enact,123,featured_cpu,worker1,7
2025-07-14 16:25:06.825747,enact,123,featured_cpu,worker2,7
2025-07-14 16:25:06.825749,enact,123,featured_cpu,worker3,7
2025-07-14 16:25:06.825839,enact,123,featured_ram,m2,8
2025-07-14 16:25:06.825842,enact,123,featured_ram,main,8
2025-07-14 16:25:06.825844,enact,123,featured_ram,worker1,8
2025-07-14 16:25:06.825846,enact,123,featured_ram,worker2,8
2025-07-14 16:25:06.825847,enact,123,featured_ram,worker3,8
2025-07-14 16:25:06.825919,enact,123,featured_storage,m2,512
2025-07-14 16:25:06.825923,enact,123,featured_storage,main,1024
2025-07-14 16:25:06.825925,enact,123,featured_storage,worker1,1024
2025-07-14 16:25:06.825927,enact,123,featured_storage,worker2,1024
2025-07-14 16:25:06.825929,enact,123,featured_storage,worker3,1024
2025-07-14 16:25:06.825995,enact,123,featured_gpu,m2,0
2025-07-14 16:25:06.825998,enact,123,featured_gpu,main,0
2025-07-14 16:25:06.825999,enact,123,featured_gpu,worker1,0
2025-07-14 16:25:06.826001,enact,123,featured_gpu,worker2,0
2025-07-14 16:25:06.826002,enact,123,featured_gpu,worker3,0
2025-07-14 16:25:06.839100,enact,124,featured_carbon,m2,200
2025-07-14 16:25:06.839102,enact,124,featured_carbon,main,402
2025-07-14 16:25:06.839104,enact,124,featured_carbon,worker1,340
2025-07-14 16:25:06.839106,enact,124,featured_carbon,worker2,360
2025-07-14 16:25:06.839108,enact,124,featured_carbon,worker3,360
2025-07-14 16:25:06.839652,enact,124,featured_cpu,m2,7
2025-07-14 16:25:06.839655,enact,124,featured_cpu,main,7
2025-07-14 16:25:06.839656,enact,124,featured_cpu,worker1,7
2025-07-14 16:25:06.839658,enact,124,featured_cpu,worker2,7
2025-07-14 16:25:06.839660,enact,124,featured_cpu,worker3,7
2025-07-14 16:25:06.839713,enact,124,featured_ram,m2,8
2025-07-14 16:25:06.839715,enact,124,featured_ram,main,8
2025-07-14 16:25:06.839717,enact,124,featured_ram,worker1,8
2025-07-14 16:25:06.839718,enact,124,featured_ram,worker2,8
2025-07-14 16:25:06.839720,enact,124,featured_ram,worker3,8
2025-07-14 16:25:06.839765,enact,124,featured_storage,m2,512
2025-07-14 16:25:06.839767,enact,124,featured_storage,main,1024
2025-07-14 16:25:06.839769,enact,124,featured_storage,worker1,1024
2025-07-14 16:25:06.839770,enact,124,featured_storage,worker2,1024
2025-07-14 16:25:06.839772,enact,124,featured_storage,worker3,1024
2025-07-14 16:25:06.839835,enact,124,featured_gpu,m2,0
2025-07-14 16:25:06.839838,enact,124,featured_gpu,main,0
2025-07-14 16:25:06.839840,enact,124,featured_gpu,worker1,0
2025-07-14 16:25:06.839842,enact,124,featured_gpu,worker2,0
2025-07-14 16:25:06.839843,enact,124,featured_gpu,worker3,0
2025-07-14 16:25:06.853057,enact,125,featured_carbon,m2,200
2025-07-14 16:25:06.853059,enact,125,featured_carbon,main,402
2025-07-14 16:25:06.853061,enact,125,featured_carbon,worker1,340
2025-07-14 16:25:06.853063,enact,125,featured_carbon,worker2,360
2025-07-14 16:25:06.853064,enact,125,featured_carbon,worker3,360
2025-07-14 16:25:06.853575,enact,125,featured_cpu,m2,7
2025-07-14 16:25:06.853578,enact,125,featured_cpu,main,7
2025-07-14 16:25:06.853580,enact,125,featured_cpu,worker1,7
2025-07-14 16:25:06.853582,enact,125,featured_cpu,worker2,7
2025-07-14 16:25:06.853583,enact,125,featured_cpu,worker3,7
2025-07-14 16:25:06.853636,enact,125,featured_ram,m2,8
2025-07-14 16:25:06.853638,enact,125,featured_ram,main,8
2025-07-14 16:25:06.853640,enact,125,featured_ram,worker1,8
2025-07-14 16:25:06.853641,enact,125,featured_ram,worker2,8
2025-07-14 16:25:06.853643,enact,125,featured_ram,worker3,8
2025-07-14 16:25:06.853691,enact,125,featured_storage,m2,512
2025-07-14 16:25:06.853693,enact,125,featured_storage,main,1024
2025-07-14 16:25:06.853695,enact,125,featured_storage,worker1,1024
2025-07-14 16:25:06.853697,enact,125,featured_storage,worker2,1024
2025-07-14 16:25:06.853698,enact,125,featured_storage,worker3,1024
2025-07-14 16:25:06.853766,enact,125,featured_gpu,m2,0
2025-07-14 16:25:06.853768,enact,125,featured_gpu,main,0
2025-07-14 16:25:06.853770,enact,125,featured_gpu,worker1,0
2025-07-14 16:25:06.853772,enact,125,featured_gpu,worker2,0
2025-07-14 16:25:06.853773,enact,125,featured_gpu,worker3,0
2025-07-14 16:25:06.867885,enact,126,featured_carbon,m2,200
2025-07-14 16:25:06.867887,enact,126,featured_carbon,main,402
2025-07-14 16:25:06.867889,enact,126,featured_carbon,worker1,340
2025-07-14 16:25:06.867891,enact,126,featured_carbon,worker2,360
2025-07-14 16:25:06.867892,enact,126,featured_carbon,worker3,360
2025-07-14 16:25:06.868355,enact,126,featured_cpu,m2,7
2025-07-14 16:25:06.868357,enact,126,featured_cpu,main,7
2025-07-14 16:25:06.868359,enact,126,featured_cpu,worker1,7
2025-07-14 16:25:06.868360,enact,126,featured_cpu,worker2,7
2025-07-14 16:25:06.868362,enact,126,featured_cpu,worker3,7
2025-07-14 16:25:06.868408,enact,126,featured_ram,m2,8
2025-07-14 16:25:06.868411,enact,126,featured_ram,main,8
2025-07-14 16:25:06.868412,enact,126,featured_ram,worker1,8
2025-07-14 16:25:06.868414,enact,126,featured_ram,worker2,8
2025-07-14 16:25:06.868416,enact,126,featured_ram,worker3,8
2025-07-14 16:25:06.868484,enact,126,featured_storage,m2,512
2025-07-14 16:25:06.868488,enact,126,featured_storage,main,1024
2025-07-14 16:25:06.868490,enact,126,featured_storage,worker1,1024
2025-07-14 16:25:06.868491,enact,126,featured_storage,worker2,1024
2025-07-14 16:25:06.868493,enact,126,featured_storage,worker3,1024
2025-07-14 16:25:06.868548,enact,126,featured_gpu,m2,0
2025-07-14 16:25:06.868551,enact,126,featured_gpu,main,0
2025-07-14 16:25:06.868553,enact,126,featured_gpu,worker1,0
2025-07-14 16:25:06.868554,enact,126,featured_gpu,worker2,0
2025-07-14 16:25:06.868556,enact,126,featured_gpu,worker3,0
2025-07-14 16:25:06.882698,enact,127,featured_carbon,m2,200
2025-07-14 16:25:06.882701,enact,127,featured_carbon,main,402
2025-07-14 16:25:06.882702,enact,127,featured_carbon,worker1,340
2025-07-14 16:25:06.882704,enact,127,featured_carbon,worker2,360
2025-07-14 16:25:06.882706,enact,127,featured_carbon,worker3,360
2025-07-14 16:25:06.883163,enact,127,featured_cpu,m2,7
2025-07-14 16:25:06.883166,enact,127,featured_cpu,main,7
2025-07-14 16:25:06.883168,enact,127,featured_cpu,worker1,7
2025-07-14 16:25:06.883169,enact,127,featured_cpu,worker2,7
2025-07-14 16:25:06.883171,enact,127,featured_cpu,worker3,7
2025-07-14 16:25:06.883219,enact,127,featured_ram,m2,8
2025-07-14 16:25:06.883222,enact,127,featured_ram,main,8
2025-07-14 16:25:06.883223,enact,127,featured_ram,worker1,8
2025-07-14 16:25:06.883225,enact,127,featured_ram,worker2,8
2025-07-14 16:25:06.883226,enact,127,featured_ram,worker3,8
2025-07-14 16:25:06.883273,enact,127,featured_storage,m2,512
2025-07-14 16:25:06.883275,enact,127,featured_storage,main,1024
2025-07-14 16:25:06.883277,enact,127,featured_storage,worker1,1024
2025-07-14 16:25:06.883278,enact,127,featured_storage,worker2,1024
2025-07-14 16:25:06.883280,enact,127,featured_storage,worker3,1024
2025-07-14 16:25:06.883356,enact,127,featured_gpu,m2,0
2025-07-14 16:25:06.883359,enact,127,featured_gpu,main,0
2025-07-14 16:25:06.883360,enact,127,featured_gpu,worker1,0
2025-07-14 16:25:06.883362,enact,127,featured_gpu,worker2,0
2025-07-14 16:25:06.883363,enact,127,featured_gpu,worker3,0
2025-07-14 16:25:06.897533,enact,128,featured_carbon,m2,200
2025-07-14 16:25:06.897535,enact,128,featured_carbon,main,402
2025-07-14 16:25:06.897537,enact,128,featured_carbon,worker1,340
2025-07-14 16:25:06.897538,enact,128,featured_carbon,worker2,360
2025-07-14 16:25:06.897540,enact,128,featured_carbon,worker3,360
2025-07-14 16:25:06.898054,enact,128,featured_cpu,m2,7
2025-07-14 16:25:06.898057,enact,128,featured_cpu,main,7
2025-07-14 16:25:06.898058,enact,128,featured_cpu,worker1,7
2025-07-14 16:25:06.898060,enact,128,featured_cpu,worker2,7
2025-07-14 16:25:06.898062,enact,128,featured_cpu,worker3,7
2025-07-14 16:25:06.898116,enact,128,featured_ram,m2,8
2025-07-14 16:25:06.898118,enact,128,featured_ram,main,8
2025-07-14 16:25:06.898120,enact,128,featured_ram,worker1,8
2025-07-14 16:25:06.898121,enact,128,featured_ram,worker2,8
2025-07-14 16:25:06.898123,enact,128,featured_ram,worker3,8
2025-07-14 16:25:06.898179,enact,128,featured_storage,m2,512
2025-07-14 16:25:06.898181,enact,128,featured_storage,main,1024
2025-07-14 16:25:06.898183,enact,128,featured_storage,worker1,1024
2025-07-14 16:25:06.898185,enact,128,featured_storage,worker2,1024
2025-07-14 16:25:06.898186,enact,128,featured_storage,worker3,1024
2025-07-14 16:25:06.898244,enact,128,featured_gpu,m2,0
2025-07-14 16:25:06.898246,enact,128,featured_gpu,main,0
2025-07-14 16:25:06.898248,enact,128,featured_gpu,worker1,0
2025-07-14 16:25:06.898249,enact,128,featured_gpu,worker2,0
2025-07-14 16:25:06.898251,enact,128,featured_gpu,worker3,0
2025-07-14 16:25:06.911647,enact,129,featured_carbon,m2,200
2025-07-14 16:25:06.911650,enact,129,featured_carbon,main,402
2025-07-14 16:25:06.911652,enact,129,featured_carbon,worker1,340
2025-07-14 16:25:06.911653,enact,129,featured_carbon,worker2,360
2025-07-14 16:25:06.911655,enact,129,featured_carbon,worker3,360
2025-07-14 16:25:06.912140,enact,129,featured_cpu,m2,7
2025-07-14 16:25:06.912142,enact,129,featured_cpu,main,7
2025-07-14 16:25:06.912144,enact,129,featured_cpu,worker1,7
2025-07-14 16:25:06.912145,enact,129,featured_cpu,worker2,7
2025-07-14 16:25:06.912147,enact,129,featured_cpu,worker3,7
2025-07-14 16:25:06.912201,enact,129,featured_ram,m2,8
2025-07-14 16:25:06.912204,enact,129,featured_ram,main,8
2025-07-14 16:25:06.912205,enact,129,featured_ram,worker1,8
2025-07-14 16:25:06.912207,enact,129,featured_ram,worker2,8
2025-07-14 16:25:06.912209,enact,129,featured_ram,worker3,8
2025-07-14 16:25:06.912256,enact,129,featured_storage,m2,512
2025-07-14 16:25:06.912258,enact,129,featured_storage,main,1024
2025-07-14 16:25:06.912260,enact,129,featured_storage,worker1,1024
2025-07-14 16:25:06.912262,enact,129,featured_storage,worker2,1024
2025-07-14 16:25:06.912263,enact,129,featured_storage,worker3,1024
2025-07-14 16:25:06.912314,enact,129,featured_gpu,m2,0
2025-07-14 16:25:06.912316,enact,129,featured_gpu,main,0
2025-07-14 16:25:06.912318,enact,129,featured_gpu,worker1,0
2025-07-14 16:25:06.912319,enact,129,featured_gpu,worker2,0
2025-07-14 16:25:06.912321,enact,129,featured_gpu,worker3,0
2025-07-14 16:25:06.927928,enact,130,featured_carbon,m2,200
2025-07-14 16:25:06.927931,enact,130,featured_carbon,main,402
2025-07-14 16:25:06.927932,enact,130,featured_carbon,worker1,340
2025-07-14 16:25:06.927934,enact,130,featured_carbon,worker2,360
2025-07-14 16:25:06.927936,enact,130,featured_carbon,worker3,360
2025-07-14 16:25:06.928393,enact,130,featured_cpu,m2,7
2025-07-14 16:25:06.928396,enact,130,featured_cpu,main,7
2025-07-14 16:25:06.928398,enact,130,featured_cpu,worker1,7
2025-07-14 16:25:06.928400,enact,130,featured_cpu,worker2,7
2025-07-14 16:25:06.928401,enact,130,featured_cpu,worker3,7
2025-07-14 16:25:06.928451,enact,130,featured_ram,m2,8
2025-07-14 16:25:06.928453,enact,130,featured_ram,main,8
2025-07-14 16:25:06.928455,enact,130,featured_ram,worker1,8
2025-07-14 16:25:06.928456,enact,130,featured_ram,worker2,8
2025-07-14 16:25:06.928458,enact,130,featured_ram,worker3,8
2025-07-14 16:25:06.928505,enact,130,featured_storage,m2,512
2025-07-14 16:25:06.928507,enact,130,featured_storage,main,1024
2025-07-14 16:25:06.928509,enact,130,featured_storage,worker1,1024
2025-07-14 16:25:06.928511,enact,130,featured_storage,worker2,1024
2025-07-14 16:25:06.928512,enact,130,featured_storage,worker3,1024
2025-07-14 16:25:06.928565,enact,130,featured_gpu,m2,0
2025-07-14 16:25:06.928568,enact,130,featured_gpu,main,0
2025-07-14 16:25:06.928569,enact,130,featured_gpu,worker1,0
2025-07-14 16:25:06.928571,enact,130,featured_gpu,worker2,0
2025-07-14 16:25:06.928572,enact,130,featured_gpu,worker3,0
2025-07-14 16:25:06.943103,enact,131,featured_carbon,m2,200
2025-07-14 16:25:06.943107,enact,131,featured_carbon,main,402
2025-07-14 16:25:06.943109,enact,131,featured_carbon,worker1,340
2025-07-14 16:25:06.943110,enact,131,featured_carbon,worker2,360
2025-07-14 16:25:06.943112,enact,131,featured_carbon,worker3,360
2025-07-14 16:25:06.943552,enact,131,featured_cpu,m2,7
2025-07-14 16:25:06.943555,enact,131,featured_cpu,main,7
2025-07-14 16:25:06.943557,enact,131,featured_cpu,worker1,7
2025-07-14 16:25:06.943558,enact,131,featured_cpu,worker2,7
2025-07-14 16:25:06.943560,enact,131,featured_cpu,worker3,7
2025-07-14 16:25:06.943611,enact,131,featured_ram,m2,8
2025-07-14 16:25:06.943613,enact,131,featured_ram,main,8
2025-07-14 16:25:06.943615,enact,131,featured_ram,worker1,8
2025-07-14 16:25:06.943616,enact,131,featured_ram,worker2,8
2025-07-14 16:25:06.943618,enact,131,featured_ram,worker3,8
2025-07-14 16:25:06.943686,enact,131,featured_storage,m2,512
2025-07-14 16:25:06.943688,enact,131,featured_storage,main,1024
2025-07-14 16:25:06.943690,enact,131,featured_storage,worker1,1024
2025-07-14 16:25:06.943692,enact,131,featured_storage,worker2,1024
2025-07-14 16:25:06.943693,enact,131,featured_storage,worker3,1024
2025-07-14 16:25:06.943753,enact,131,featured_gpu,m2,0
2025-07-14 16:25:06.943756,enact,131,featured_gpu,main,0
2025-07-14 16:25:06.943758,enact,131,featured_gpu,worker1,0
2025-07-14 16:25:06.943759,enact,131,featured_gpu,worker2,0
2025-07-14 16:25:06.943761,enact,131,featured_gpu,worker3,0
2025-07-14 16:25:06.956978,enact,132,featured_carbon,m2,200
2025-07-14 16:25:06.956981,enact,132,featured_carbon,main,402
2025-07-14 16:25:06.956983,enact,132,featured_carbon,worker1,340
2025-07-14 16:25:06.956984,enact,132,featured_carbon,worker2,360
2025-07-14 16:25:06.956986,enact,132,featured_carbon,worker3,360
2025-07-14 16:25:06.957618,enact,132,featured_cpu,m2,7
2025-07-14 16:25:06.957621,enact,132,featured_cpu,main,7
2025-07-14 16:25:06.957623,enact,132,featured_cpu,worker1,7
2025-07-14 16:25:06.957624,enact,132,featured_cpu,worker2,7
2025-07-14 16:25:06.957626,enact,132,featured_cpu,worker3,7
2025-07-14 16:25:06.957678,enact,132,featured_ram,m2,8
2025-07-14 16:25:06.957680,enact,132,featured_ram,main,8
2025-07-14 16:25:06.957682,enact,132,featured_ram,worker1,8
2025-07-14 16:25:06.957684,enact,132,featured_ram,worker2,8
2025-07-14 16:25:06.957685,enact,132,featured_ram,worker3,8
2025-07-14 16:25:06.957732,enact,132,featured_storage,m2,512
2025-07-14 16:25:06.957735,enact,132,featured_storage,main,1024
2025-07-14 16:25:06.957736,enact,132,featured_storage,worker1,1024
2025-07-14 16:25:06.957738,enact,132,featured_storage,worker2,1024
2025-07-14 16:25:06.957739,enact,132,featured_storage,worker3,1024
2025-07-14 16:25:06.957800,enact,132,featured_gpu,m2,0
2025-07-14 16:25:06.957803,enact,132,featured_gpu,main,0
2025-07-14 16:25:06.957804,enact,132,featured_gpu,worker1,0
2025-07-14 16:25:06.957806,enact,132,featured_gpu,worker2,0
2025-07-14 16:25:06.957808,enact,132,featured_gpu,worker3,0
2025-07-14 16:25:06.971796,enact,133,featured_carbon,m2,200
2025-07-14 16:25:06.971798,enact,133,featured_carbon,main,402
2025-07-14 16:25:06.971800,enact,133,featured_carbon,worker1,340
2025-07-14 16:25:06.971802,enact,133,featured_carbon,worker2,360
2025-07-14 16:25:06.971803,enact,133,featured_carbon,worker3,360
2025-07-14 16:25:06.972295,enact,133,featured_cpu,m2,7
2025-07-14 16:25:06.972298,enact,133,featured_cpu,main,7
2025-07-14 16:25:06.972299,enact,133,featured_cpu,worker1,7
2025-07-14 16:25:06.972301,enact,133,featured_cpu,worker2,7
2025-07-14 16:25:06.972303,enact,133,featured_cpu,worker3,7
2025-07-14 16:25:06.972367,enact,133,featured_ram,m2,8
2025-07-14 16:25:06.972370,enact,133,featured_ram,main,8
2025-07-14 16:25:06.972371,enact,133,featured_ram,worker1,8
2025-07-14 16:25:06.972373,enact,133,featured_ram,worker2,8
2025-07-14 16:25:06.972375,enact,133,featured_ram,worker3,8
2025-07-14 16:25:06.972426,enact,133,featured_storage,m2,512
2025-07-14 16:25:06.972428,enact,133,featured_storage,main,1024
2025-07-14 16:25:06.972430,enact,133,featured_storage,worker1,1024
2025-07-14 16:25:06.972431,enact,133,featured_storage,worker2,1024
2025-07-14 16:25:06.972433,enact,133,featured_storage,worker3,1024
2025-07-14 16:25:06.972485,enact,133,featured_gpu,m2,0
2025-07-14 16:25:06.972487,enact,133,featured_gpu,main,0
2025-07-14 16:25:06.972489,enact,133,featured_gpu,worker1,0
2025-07-14 16:25:06.972491,enact,133,featured_gpu,worker2,0
2025-07-14 16:25:06.972492,enact,133,featured_gpu,worker3,0
2025-07-14 16:25:06.986884,enact,134,featured_carbon,m2,200
2025-07-14 16:25:06.986888,enact,134,featured_carbon,main,402
2025-07-14 16:25:06.986890,enact,134,featured_carbon,worker1,340
2025-07-14 16:25:06.986892,enact,134,featured_carbon,worker2,360
2025-07-14 16:25:06.986893,enact,134,featured_carbon,worker3,360
2025-07-14 16:25:06.987390,enact,134,featured_cpu,m2,7
2025-07-14 16:25:06.987392,enact,134,featured_cpu,main,7
2025-07-14 16:25:06.987394,enact,134,featured_cpu,worker1,7
2025-07-14 16:25:06.987396,enact,134,featured_cpu,worker2,7
2025-07-14 16:25:06.987397,enact,134,featured_cpu,worker3,7
2025-07-14 16:25:06.987446,enact,134,featured_ram,m2,8
2025-07-14 16:25:06.987449,enact,134,featured_ram,main,8
2025-07-14 16:25:06.987450,enact,134,featured_ram,worker1,8
2025-07-14 16:25:06.987452,enact,134,featured_ram,worker2,8
2025-07-14 16:25:06.987453,enact,134,featured_ram,worker3,8
2025-07-14 16:25:06.987505,enact,134,featured_storage,m2,512
2025-07-14 16:25:06.987507,enact,134,featured_storage,main,1024
2025-07-14 16:25:06.987509,enact,134,featured_storage,worker1,1024
2025-07-14 16:25:06.987510,enact,134,featured_storage,worker2,1024
2025-07-14 16:25:06.987512,enact,134,featured_storage,worker3,1024
2025-07-14 16:25:06.987561,enact,134,featured_gpu,m2,0
2025-07-14 16:25:06.987563,enact,134,featured_gpu,main,0
2025-07-14 16:25:06.987564,enact,134,featured_gpu,worker1,0
2025-07-14 16:25:06.987566,enact,134,featured_gpu,worker2,0
2025-07-14 16:25:06.987568,enact,134,featured_gpu,worker3,0
2025-07-14 16:25:07.001172,enact,135,featured_carbon,m2,200
2025-07-14 16:25:07.001175,enact,135,featured_carbon,main,402
2025-07-14 16:25:07.001177,enact,135,featured_carbon,worker1,340
2025-07-14 16:25:07.001178,enact,135,featured_carbon,worker2,360
2025-07-14 16:25:07.001180,enact,135,featured_carbon,worker3,360
2025-07-14 16:25:07.001630,enact,135,featured_cpu,m2,7
2025-07-14 16:25:07.001632,enact,135,featured_cpu,main,7
2025-07-14 16:25:07.001634,enact,135,featured_cpu,worker1,7
2025-07-14 16:25:07.001636,enact,135,featured_cpu,worker2,7
2025-07-14 16:25:07.001637,enact,135,featured_cpu,worker3,7
2025-07-14 16:25:07.001684,enact,135,featured_ram,m2,8
2025-07-14 16:25:07.001687,enact,135,featured_ram,main,8
2025-07-14 16:25:07.001688,enact,135,featured_ram,worker1,8
2025-07-14 16:25:07.001690,enact,135,featured_ram,worker2,8
2025-07-14 16:25:07.001691,enact,135,featured_ram,worker3,8
2025-07-14 16:25:07.001769,enact,135,featured_storage,m2,512
2025-07-14 16:25:07.001773,enact,135,featured_storage,main,1024
2025-07-14 16:25:07.001775,enact,135,featured_storage,worker1,1024
2025-07-14 16:25:07.001777,enact,135,featured_storage,worker2,1024
2025-07-14 16:25:07.001779,enact,135,featured_storage,worker3,1024
2025-07-14 16:25:07.001843,enact,135,featured_gpu,m2,0
2025-07-14 16:25:07.001846,enact,135,featured_gpu,main,0
2025-07-14 16:25:07.001847,enact,135,featured_gpu,worker1,0
2025-07-14 16:25:07.001849,enact,135,featured_gpu,worker2,0
2025-07-14 16:25:07.001851,enact,135,featured_gpu,worker3,0
2025-07-14 16:25:07.015053,enact,136,featured_carbon,m2,200
2025-07-14 16:25:07.015055,enact,136,featured_carbon,main,402
2025-07-14 16:25:07.015057,enact,136,featured_carbon,worker1,340
2025-07-14 16:25:07.015059,enact,136,featured_carbon,worker2,360
2025-07-14 16:25:07.015061,enact,136,featured_carbon,worker3,360
2025-07-14 16:25:07.015502,enact,136,featured_cpu,m2,7
2025-07-14 16:25:07.015504,enact,136,featured_cpu,main,7
2025-07-14 16:25:07.015507,enact,136,featured_cpu,worker1,7
2025-07-14 16:25:07.015508,enact,136,featured_cpu,worker2,7
2025-07-14 16:25:07.015510,enact,136,featured_cpu,worker3,7
2025-07-14 16:25:07.015556,enact,136,featured_ram,m2,8
2025-07-14 16:25:07.015558,enact,136,featured_ram,main,8
2025-07-14 16:25:07.015560,enact,136,featured_ram,worker1,8
2025-07-14 16:25:07.015561,enact,136,featured_ram,worker2,8
2025-07-14 16:25:07.015563,enact,136,featured_ram,worker3,8
2025-07-14 16:25:07.015637,enact,136,featured_storage,m2,512
2025-07-14 16:25:07.015641,enact,136,featured_storage,main,1024
2025-07-14 16:25:07.015643,enact,136,featured_storage,worker1,1024
2025-07-14 16:25:07.015645,enact,136,featured_storage,worker2,1024
2025-07-14 16:25:07.015647,enact,136,featured_storage,worker3,1024
2025-07-14 16:25:07.015698,enact,136,featured_gpu,m2,0
2025-07-14 16:25:07.015700,enact,136,featured_gpu,main,0
2025-07-14 16:25:07.015702,enact,136,featured_gpu,worker1,0
2025-07-14 16:25:07.015704,enact,136,featured_gpu,worker2,0
2025-07-14 16:25:07.015705,enact,136,featured_gpu,worker3,0
2025-07-14 16:25:07.028895,enact,137,featured_carbon,m2,200
2025-07-14 16:25:07.028898,enact,137,featured_carbon,main,402
2025-07-14 16:25:07.028900,enact,137,featured_carbon,worker1,340
2025-07-14 16:25:07.028902,enact,137,featured_carbon,worker2,360
2025-07-14 16:25:07.028903,enact,137,featured_carbon,worker3,360
2025-07-14 16:25:07.029421,enact,137,featured_cpu,m2,7
2025-07-14 16:25:07.029424,enact,137,featured_cpu,main,7
2025-07-14 16:25:07.029426,enact,137,featured_cpu,worker1,7
2025-07-14 16:25:07.029427,enact,137,featured_cpu,worker2,7
2025-07-14 16:25:07.029429,enact,137,featured_cpu,worker3,7
2025-07-14 16:25:07.029486,enact,137,featured_ram,m2,8
2025-07-14 16:25:07.029488,enact,137,featured_ram,main,8
2025-07-14 16:25:07.029489,enact,137,featured_ram,worker1,8
2025-07-14 16:25:07.029491,enact,137,featured_ram,worker2,8
2025-07-14 16:25:07.029492,enact,137,featured_ram,worker3,8
2025-07-14 16:25:07.029543,enact,137,featured_storage,m2,512
2025-07-14 16:25:07.029546,enact,137,featured_storage,main,1024
2025-07-14 16:25:07.029548,enact,137,featured_storage,worker1,1024
2025-07-14 16:25:07.029549,enact,137,featured_storage,worker2,1024
2025-07-14 16:25:07.029551,enact,137,featured_storage,worker3,1024
2025-07-14 16:25:07.029599,enact,137,featured_gpu,m2,0
2025-07-14 16:25:07.029601,enact,137,featured_gpu,main,0
2025-07-14 16:25:07.029603,enact,137,featured_gpu,worker1,0
2025-07-14 16:25:07.029604,enact,137,featured_gpu,worker2,0
2025-07-14 16:25:07.029606,enact,137,featured_gpu,worker3,0
2025-07-14 16:25:07.042876,enact,138,featured_carbon,m2,200
2025-07-14 16:25:07.042878,enact,138,featured_carbon,main,402
2025-07-14 16:25:07.042880,enact,138,featured_carbon,worker1,340
2025-07-14 16:25:07.042882,enact,138,featured_carbon,worker2,360
2025-07-14 16:25:07.042883,enact,138,featured_carbon,worker3,360
2025-07-14 16:25:07.043387,enact,138,featured_cpu,m2,7
2025-07-14 16:25:07.043389,enact,138,featured_cpu,main,7
2025-07-14 16:25:07.043391,enact,138,featured_cpu,worker1,7
2025-07-14 16:25:07.043393,enact,138,featured_cpu,worker2,7
2025-07-14 16:25:07.043394,enact,138,featured_cpu,worker3,7
2025-07-14 16:25:07.043466,enact,138,featured_ram,m2,8
2025-07-14 16:25:07.043468,enact,138,featured_ram,main,8
2025-07-14 16:25:07.043470,enact,138,featured_ram,worker1,8
2025-07-14 16:25:07.043472,enact,138,featured_ram,worker2,8
2025-07-14 16:25:07.043473,enact,138,featured_ram,worker3,8
2025-07-14 16:25:07.043545,enact,138,featured_storage,m2,512
2025-07-14 16:25:07.043548,enact,138,featured_storage,main,1024
2025-07-14 16:25:07.043550,enact,138,featured_storage,worker1,1024
2025-07-14 16:25:07.043551,enact,138,featured_storage,worker2,1024
2025-07-14 16:25:07.043553,enact,138,featured_storage,worker3,1024
2025-07-14 16:25:07.043610,enact,138,featured_gpu,m2,0
2025-07-14 16:25:07.043612,enact,138,featured_gpu,main,0
2025-07-14 16:25:07.043614,enact,138,featured_gpu,worker1,0
2025-07-14 16:25:07.043615,enact,138,featured_gpu,worker2,0
2025-07-14 16:25:07.043617,enact,138,featured_gpu,worker3,0
2025-07-14 16:25:07.057559,enact,139,featured_carbon,m2,200
2025-07-14 16:25:07.057561,enact,139,featured_carbon,main,402
2025-07-14 16:25:07.057563,enact,139,featured_carbon,worker1,340
2025-07-14 16:25:07.057564,enact,139,featured_carbon,worker2,360
2025-07-14 16:25:07.057566,enact,139,featured_carbon,worker3,360
2025-07-14 16:25:07.058232,enact,139,featured_cpu,m2,7
2025-07-14 16:25:07.058237,enact,139,featured_cpu,main,7
2025-07-14 16:25:07.058239,enact,139,featured_cpu,worker1,7
2025-07-14 16:25:07.058240,enact,139,featured_cpu,worker2,7
2025-07-14 16:25:07.058242,enact,139,featured_cpu,worker3,7
2025-07-14 16:25:07.058303,enact,139,featured_ram,m2,8
2025-07-14 16:25:07.058306,enact,139,featured_ram,main,8
2025-07-14 16:25:07.058307,enact,139,featured_ram,worker1,8
2025-07-14 16:25:07.058309,enact,139,featured_ram,worker2,8
2025-07-14 16:25:07.058310,enact,139,featured_ram,worker3,8
2025-07-14 16:25:07.058419,enact,139,featured_storage,m2,512
2025-07-14 16:25:07.058422,enact,139,featured_storage,main,1024
2025-07-14 16:25:07.058424,enact,139,featured_storage,worker1,1024
2025-07-14 16:25:07.058426,enact,139,featured_storage,worker2,1024
2025-07-14 16:25:07.058427,enact,139,featured_storage,worker3,1024
2025-07-14 16:25:07.058500,enact,139,featured_gpu,m2,0
2025-07-14 16:25:07.058503,enact,139,featured_gpu,main,0
2025-07-14 16:25:07.058505,enact,139,featured_gpu,worker1,0
2025-07-14 16:25:07.058506,enact,139,featured_gpu,worker2,0
2025-07-14 16:25:07.058508,enact,139,featured_gpu,worker3,0
2025-07-14 16:25:07.072768,enact,140,featured_carbon,m2,200
2025-07-14 16:25:07.072771,enact,140,featured_carbon,main,402
2025-07-14 16:25:07.072772,enact,140,featured_carbon,worker1,340
2025-07-14 16:25:07.072774,enact,140,featured_carbon,worker2,360
2025-07-14 16:25:07.072776,enact,140,featured_carbon,worker3,360
2025-07-14 16:25:07.073301,enact,140,featured_cpu,m2,7
2025-07-14 16:25:07.073304,enact,140,featured_cpu,main,7
2025-07-14 16:25:07.073305,enact,140,featured_cpu,worker1,7
2025-07-14 16:25:07.073307,enact,140,featured_cpu,worker2,7
2025-07-14 16:25:07.073308,enact,140,featured_cpu,worker3,7
2025-07-14 16:25:07.073369,enact,140,featured_ram,m2,8
2025-07-14 16:25:07.073372,enact,140,featured_ram,main,8
2025-07-14 16:25:07.073373,enact,140,featured_ram,worker1,8
2025-07-14 16:25:07.073384,enact,140,featured_ram,worker2,8
2025-07-14 16:25:07.073386,enact,140,featured_ram,worker3,8
2025-07-14 16:25:07.073491,enact,140,featured_storage,m2,512
2025-07-14 16:25:07.073495,enact,140,featured_storage,main,1024
2025-07-14 16:25:07.073497,enact,140,featured_storage,worker1,1024
2025-07-14 16:25:07.073499,enact,140,featured_storage,worker2,1024
2025-07-14 16:25:07.073500,enact,140,featured_storage,worker3,1024
2025-07-14 16:25:07.073569,enact,140,featured_gpu,m2,0
2025-07-14 16:25:07.073572,enact,140,featured_gpu,main,0
2025-07-14 16:25:07.073573,enact,140,featured_gpu,worker1,0
2025-07-14 16:25:07.073575,enact,140,featured_gpu,worker2,0
2025-07-14 16:25:07.073576,enact,140,featured_gpu,worker3,0
2025-07-14 16:25:07.087941,enact,141,featured_carbon,m2,200
2025-07-14 16:25:07.087944,enact,141,featured_carbon,main,402
2025-07-14 16:25:07.087946,enact,141,featured_carbon,worker1,340
2025-07-14 16:25:07.087948,enact,141,featured_carbon,worker2,360
2025-07-14 16:25:07.087950,enact,141,featured_carbon,worker3,360
2025-07-14 16:25:07.088477,enact,141,featured_cpu,m2,7
2025-07-14 16:25:07.088480,enact,141,featured_cpu,main,7
2025-07-14 16:25:07.088482,enact,141,featured_cpu,worker1,7
2025-07-14 16:25:07.088484,enact,141,featured_cpu,worker2,7
2025-07-14 16:25:07.088485,enact,141,featured_cpu,worker3,7
2025-07-14 16:25:07.088551,enact,141,featured_ram,m2,8
2025-07-14 16:25:07.088554,enact,141,featured_ram,main,8
2025-07-14 16:25:07.088556,enact,141,featured_ram,worker1,8
2025-07-14 16:25:07.088557,enact,141,featured_ram,worker2,8
2025-07-14 16:25:07.088559,enact,141,featured_ram,worker3,8
2025-07-14 16:25:07.088610,enact,141,featured_storage,m2,512
2025-07-14 16:25:07.088613,enact,141,featured_storage,main,1024
2025-07-14 16:25:07.088614,enact,141,featured_storage,worker1,1024
2025-07-14 16:25:07.088616,enact,141,featured_storage,worker2,1024
2025-07-14 16:25:07.088618,enact,141,featured_storage,worker3,1024
2025-07-14 16:25:07.088678,enact,141,featured_gpu,m2,0
2025-07-14 16:25:07.088681,enact,141,featured_gpu,main,0
2025-07-14 16:25:07.088683,enact,141,featured_gpu,worker1,0
2025-07-14 16:25:07.088685,enact,141,featured_gpu,worker2,0
2025-07-14 16:25:07.088686,enact,141,featured_gpu,worker3,0
2025-07-14 16:25:07.102817,enact,142,featured_carbon,m2,200
2025-07-14 16:25:07.102820,enact,142,featured_carbon,main,402
2025-07-14 16:25:07.102821,enact,142,featured_carbon,worker1,340
2025-07-14 16:25:07.102823,enact,142,featured_carbon,worker2,360
2025-07-14 16:25:07.102825,enact,142,featured_carbon,worker3,360
2025-07-14 16:25:07.103276,enact,142,featured_cpu,m2,7
2025-07-14 16:25:07.103278,enact,142,featured_cpu,main,7
2025-07-14 16:25:07.103280,enact,142,featured_cpu,worker1,7
2025-07-14 16:25:07.103282,enact,142,featured_cpu,worker2,7
2025-07-14 16:25:07.103283,enact,142,featured_cpu,worker3,7
2025-07-14 16:25:07.103356,enact,142,featured_ram,m2,8
2025-07-14 16:25:07.103358,enact,142,featured_ram,main,8
2025-07-14 16:25:07.103360,enact,142,featured_ram,worker1,8
2025-07-14 16:25:07.103361,enact,142,featured_ram,worker2,8
2025-07-14 16:25:07.103363,enact,142,featured_ram,worker3,8
2025-07-14 16:25:07.103409,enact,142,featured_storage,m2,512
2025-07-14 16:25:07.103411,enact,142,featured_storage,main,1024
2025-07-14 16:25:07.103413,enact,142,featured_storage,worker1,1024
2025-07-14 16:25:07.103415,enact,142,featured_storage,worker2,1024
2025-07-14 16:25:07.103416,enact,142,featured_storage,worker3,1024
2025-07-14 16:25:07.103466,enact,142,featured_gpu,m2,0
2025-07-14 16:25:07.103468,enact,142,featured_gpu,main,0
2025-07-14 16:25:07.103469,enact,142,featured_gpu,worker1,0
2025-07-14 16:25:07.103471,enact,142,featured_gpu,worker2,0
2025-07-14 16:25:07.103472,enact,142,featured_gpu,worker3,0
2025-07-14 16:25:07.117496,enact,143,featured_carbon,m2,200
2025-07-14 16:25:07.117499,enact,143,featured_carbon,main,402
2025-07-14 16:25:07.117500,enact,143,featured_carbon,worker1,340
2025-07-14 16:25:07.117502,enact,143,featured_carbon,worker2,360
2025-07-14 16:25:07.117504,enact,143,featured_carbon,worker3,360
2025-07-14 16:25:07.118001,enact,143,featured_cpu,m2,7
2025-07-14 16:25:07.118003,enact,143,featured_cpu,main,7
2025-07-14 16:25:07.118005,enact,143,featured_cpu,worker1,7
2025-07-14 16:25:07.118006,enact,143,featured_cpu,worker2,7
2025-07-14 16:25:07.118008,enact,143,featured_cpu,worker3,7
2025-07-14 16:25:07.118072,enact,143,featured_ram,m2,8
2025-07-14 16:25:07.118074,enact,143,featured_ram,main,8
2025-07-14 16:25:07.118076,enact,143,featured_ram,worker1,8
2025-07-14 16:25:07.118077,enact,143,featured_ram,worker2,8
2025-07-14 16:25:07.118079,enact,143,featured_ram,worker3,8
2025-07-14 16:25:07.118136,enact,143,featured_storage,m2,512
2025-07-14 16:25:07.118139,enact,143,featured_storage,main,1024
2025-07-14 16:25:07.118140,enact,143,featured_storage,worker1,1024
2025-07-14 16:25:07.118142,enact,143,featured_storage,worker2,1024
2025-07-14 16:25:07.118144,enact,143,featured_storage,worker3,1024
2025-07-14 16:25:07.118210,enact,143,featured_gpu,m2,0
2025-07-14 16:25:07.118212,enact,143,featured_gpu,main,0
2025-07-14 16:25:07.118213,enact,143,featured_gpu,worker1,0
2025-07-14 16:25:07.118215,enact,143,featured_gpu,worker2,0
2025-07-14 16:25:07.118217,enact,143,featured_gpu,worker3,0
2025-07-14 16:25:07.131515,enact,144,featured_carbon,m2,200
2025-07-14 16:25:07.131518,enact,144,featured_carbon,main,402
2025-07-14 16:25:07.131519,enact,144,featured_carbon,worker1,340
2025-07-14 16:25:07.131521,enact,144,featured_carbon,worker2,360
2025-07-14 16:25:07.131523,enact,144,featured_carbon,worker3,360
2025-07-14 16:25:07.132018,enact,144,featured_cpu,m2,7
2025-07-14 16:25:07.132021,enact,144,featured_cpu,main,7
2025-07-14 16:25:07.132022,enact,144,featured_cpu,worker1,7
2025-07-14 16:25:07.132024,enact,144,featured_cpu,worker2,7
2025-07-14 16:25:07.132026,enact,144,featured_cpu,worker3,7
2025-07-14 16:25:07.132082,enact,144,featured_ram,m2,8
2025-07-14 16:25:07.132084,enact,144,featured_ram,main,8
2025-07-14 16:25:07.132086,enact,144,featured_ram,worker1,8
2025-07-14 16:25:07.132088,enact,144,featured_ram,worker2,8
2025-07-14 16:25:07.132089,enact,144,featured_ram,worker3,8
2025-07-14 16:25:07.132157,enact,144,featured_storage,m2,512
2025-07-14 16:25:07.132159,enact,144,featured_storage,main,1024
2025-07-14 16:25:07.132161,enact,144,featured_storage,worker1,1024
2025-07-14 16:25:07.132163,enact,144,featured_storage,worker2,1024
2025-07-14 16:25:07.132164,enact,144,featured_storage,worker3,1024
2025-07-14 16:25:07.132215,enact,144,featured_gpu,m2,0
2025-07-14 16:25:07.132217,enact,144,featured_gpu,main,0
2025-07-14 16:25:07.132219,enact,144,featured_gpu,worker1,0
2025-07-14 16:25:07.132220,enact,144,featured_gpu,worker2,0
2025-07-14 16:25:07.132222,enact,144,featured_gpu,worker3,0
